001 : 13 486 51 12 359 665 878 573 141 875 663 184 747 78 1186 746 374 56 172 1268 1003 526 1361 879 429 14 104 685 1362 332 925 817 552 860 726 435 1144 1155 876 280 253 792 25 180 219 251 154 1169 884 407 
002 : 12 51 884 875 746 1089 747 172 1169 1170 810 1158 429 726 700 724 374 883 781 141 729 75 14 253 908 878 1217 1380 78 607 1263 792 606 284 925 1042 1300 1299 100 805 288 876 1095 650 47 1163 804 833 46 846 
004 : 485 5 399 181 144 90 91 584 542 579 582 6 349 119 509 585 785 587 707 281 625 387 1370 586 95 395 978 1279 982 518 422 1295 1389 666 944 980 463 1207 546 425 486 1072 72 30 623 547 1183 1233 350 169 
008 : 166 488 1061 1189 1085 1255 236 167 1315 1374 1221 355 1160 259 575 1312 1275 1123 185 24 914 1011 170 410 378 574 1192 1252 656 583 437 645 1254 536 332 1026 435 851 1077 658 517 190 1199 541 103 1121 1297 1242 317 86 
009 : 1032 103 943 625 1296 1272 849 746 650 488 1379 401 968 1391 355 824 1147 1295 1374 342 359 77 163 410 925 1102 1219 26 708 1305 828 552 540 108 813 101 536 575 68 1180 130 368 1297 981 1073 1283 1226 1065 172 1389 
010 : 491 257 385 345 386 1075 409 271 1196 1364 798 1374 883 142 137 767 72 406 646 397 418 861 610 1174 243 1308 1363 802 1273 1282 18 339 959 121 558 1190 865 294 130 265 154 128 1146 522 737 640 1020 741 256 849 
012 : 492 124 57 56 232 122 973 434 1231 234 248 373 688 469 1192 48 354 698 498 1040 1350 567 694 1006 1347 27 69 1307 1355 1104 37 1077 708 32 312 1186 1352 1262 1115 680 225 1114 233 801 636 541 713 231 695 197 
013 : 492 122 19 556 232 124 433 248 443 711 1083 69 1193 231 476 360 461 1192 230 753 441 1231 1352 1350 292 1106 947 498 1262 1336 988 1347 1006 354 655 1186 708 1322 1304 1077 993 815 1104 370 1115 541 48 197 93 501 
015 : 45 102 398 549 5 983 303 221 1099 743 270 748 310 144 347 21 489 756 585 436 707 784 74 120 847 754 555 37 559 168 55 269 763 670 145 772 396 101 963 839 181 378 509 123 838 554 89 142 846 1395 
018 : 405 302 524 949 493 1010 616 1143 691 436 1286 1009 1264 1199 1150 69 332 1214 1099 421 1098 621 127 110 283 259 1003 781 552 1335 330 1011 103 1290 482 541 328 609 438 1046 360 656 1180 615 622 1057 1336 810 630 617 
022 : 495 472 654 273 72 1327 1157 93 25 341 28 305 1356 667 1238 308 1314 147 1310 556 192 491 1200 107 567 262 160 941 593 802 557 402 27 2 177 777 525 771 279 843 1319 1186 1037 35 939 814 1258 473 1147 456 
023 : 650 624 543 941 1232 1223 966 1221 506 939 590 1094 631 708 1164 1209 602 270 592 1379 810 806 557 203 387 245 86 276 215 652 1165 717 1162 632 805 742 704 491 982 1089 112 95 1167 556 1091 1227 1064 1289 1334 1332 
026 : 496 903 313 520 38 880 440 643 415 879 1099 853 143 468 258 199 594 469 1332 797 503 1183 526 1334 1268 312 1037 1017 1163 795 316 335 801 577 927 1242 403 701 231 587 713 1290 1260 660 750 27 498 1326 1006 711 
027 : 291 170 256 64 439 335 345 265 1364 1314 308 568 939 973 798 1228 969 310 903 630 1157 119 192 334 409 326 309 1321 570 97 190 26 974 1200 1279 411 569 1288 556 65 1181 875 333 1313 329 541 938 1327 557 142 
029 : 462 1099 463 817 1340 1025 1027 761 1065 890 1096 981 1043 542 982 405 762 1024 866 1127 553 509 1097 1117 82 822 1322 1098 1279 1042 1100 119 840 592 1071 1015 818 403 870 691 1269 952 586 1072 524 949 836 51 707 37 
031 : 498 106 93 326 869 1286 849 1006 814 1043 231 494 1301 528 384 1259 1037 1255 918 1358 927 1246 1280 234 1124 1400 248 161 154 878 111 803 208 233 1063 1108 802 1188 922 1112 410 372 745 468 762 1113 25 744 360 669 
032 : 106 700 336 1108 326 445 1281 1301 1149 498 916 849 154 1197 372 231 714 148 1276 607 284 494 1206 269 528 61 362 368 551 384 410 814 655 1259 930 1304 1037 1396 601 1179 389 1393 373 60 1043 553 801 1358 1255 705 
033 : 492 248 498 197 69 1352 106 56 231 360 234 124 57 1231 354 1192 1005 232 1006 154 801 1262 122 1304 1114 988 19 1259 196 421 225 927 1350 947 1104 384 922 312 688 48 58 1124 708 468 802 1307 993 1301 815 373 
034 : 706 237 82 1279 1331 713 286 1260 831 44 1295 1219 402 714 27 1078 1146 842 1003 446 586 152 1242 1296 1235 222 409 1006 261 58 868 1309 61 1009 509 594 927 1217 987 180 554 845 628 853 201 1336 344 309 143 520 
035 : 500 450 268 87 270 407 88 95 584 267 26 104 458 877 408 1008 1273 44 300 1097 902 1371 973 112 1154 123 963 171 114 190 11 968 424 1194 1177 966 342 102 860 22 864 981 1348 635 707 607 1173 375 636 1149 
039 : 502 271 343 302 68 663 1007 1176 377 686 413 628 96 874 1011 1337 538 1237 429 508 421 340 1156 1157 1004 1187 1161 881 17 1199 342 1212 238 1159 947 562 297 173 916 552 125 810 673 1017 1003 338 16 69 352 334 
040 : 254 560 125 307 413 348 16 346 61 120 322 406 140 1298 547 66 378 562 260 565 861 398 655 21 610 474 72 381 980 261 962 306 81 481 606 4 546 145 62 1188 50 1355 389 497 766 1230 1076 9 171 279 
041 : 892 902 718 237 130 11 753 1109 1151 1287 453 1259 586 634 1275 74 1 977 905 879 899 1103 244 903 360 64 28 14 1331 955 284 906 166 530 640 1111 1004 289 444 708 1284 1369 1206 637 921 694 184 296 1272 803 
049 : 46 756 883 1361 47 724 51 1362 12 650 1034 102 884 738 1217 75 833 723 875 583 1015 81 1088 182 727 85 1300 55 1317 615 1294 274 781 391 280 374 1211 439 202 1246 92 869 1172 1131 846 613 340 511 238 1188 
050 : 215 277 214 121 216 772 213 945 212 588 511 1288 134 11 987 409 1367 455 97 426 989 1243 138 345 1329 482 1202 589 647 973 990 969 540 172 592 37 352 573 434 869 868 658 186 233 487 288 1195 630 18 1271 
051 : 382 145 307 611 568 305 4 629 96 348 180 547 1355 389 1278 21 135 664 525 1076 3 326 306 346 732 1200 610 527 393 376 562 1365 1325 412 148 8 310 308 381 848 1302 50 72 570 936 788 736 931 260 560 
052 : 512 1176 1031 1293 224 752 251 1035 680 279 803 674 886 247 1124 888 1132 733 513 916 683 521 76 367 1266 147 256 189 135 1129 677 798 1320 833 679 602 1131 952 601 474 308 485 36 1 919 596 535 1340 666 650 
053 : 367 451 674 1050 981 752 906 503 1048 683 251 781 545 803 226 1342 1131 677 39 1130 247 485 680 967 864 27 1207 704 596 758 698 1311 727 250 840 521 921 246 1380 916 612 1027 1075 395 834 415 13 249 762 235 
054 : 465 612 420 250 900 513 601 514 222 901 464 683 200 803 147 211 902 191 1267 544 796 226 1229 146 1300 1107 545 334 680 674 757 879 569 225 633 52 699 792 776 1272 916 284 1248 482 686 638 26 631 707 127 
055 : 513 250 633 1058 935 683 601 222 45 1197 752 791 925 902 602 420 465 191 898 577 545 466 1186 680 1070 605 464 938 147 1208 918 289 895 230 229 19 921 1188 1111 600 901 1305 1343 432 937 1117 682 205 514 1334 
056 : 751 1209 1153 228 1082 895 918 551 749 698 920 1067 424 15 1129 885 1292 1245 743 1400 1390 247 1085 1350 844 1055 1336 891 442 29 936 226 531 1382 176 317 1370 135 1341 699 676 826 1325 180 669 527 1290 1048 1320 1106 
057 : 752 382 1259 1186 802 468 287 147 1215 273 665 25 307 941 259 922 1112 530 192 543 134 472 359 248 1087 250 714 491 445 557 556 494 1271 1272 4 341 1213 754 921 230 601 568 513 279 771 199 1086 843 160 926 
058 : 516 141 598 431 594 904 808 1106 1162 1155 755 1001 713 546 1004 790 1163 1000 795 791 918 631 1357 1065 280 608 876 252 812 1350 196 140 251 1358 1318 1011 1395 814 184 602 792 346 1153 1306 714 800 293 1290 1101 1305 
059 : 516 795 1153 1350 431 594 280 1243 904 175 598 141 672 1155 1142 1341 610 800 430 714 618 256 198 188 230 252 520 1229 179 40 876 1154 971 1092 466 1062 372 1305 84 421 608 993 755 1303 799 604 1287 809 140 856 
061 : 875 319 1208 1160 1189 1276 488 654 1327 1203 1389 1314 310 1244 166 75 745 913 209 720 190 156 665 517 132 169 1103 297 998 1322 1245 161 724 1061 1318 865 170 151 575 1077 1156 1315 541 119 1072 344 722 899 1319 1321 
062 : 509 168 123 398 789 1222 260 387 269 281 274 963 1268 74 959 975 154 550 666 353 407 319 565 144 1215 1192 546 333 62 84 623 21 347 72 55 1180 306 552 120 1299 1381 1366 559 661 1086 870 45 145 436 646 
066 : 186 409 1311 176 126 519 345 461 482 283 1352 242 121 655 979 173 1340 923 431 188 932 1001 415 189 97 999 179 232 93 973 1106 487 174 969 730 1306 1018 311 943 282 1336 230 940 540 513 947 433 1247 235 1240 
067 : 536 1211 24 1152 154 1238 182 1141 25 36 1279 17 446 558 800 433 976 610 796 1373 89 177 1183 531 233 1368 279 1391 1196 7 338 373 272 228 293 19 525 1205 418 79 1277 1356 535 1247 360 85 1230 710 186 41 
068 : 1257 43 293 1264 1278 337 41 418 330 1383 1155 180 536 992 655 265 261 996 37 1220 1211 79 133 24 1205 933 959 260 40 1215 207 1284 96 1199 8 668 358 1188 664 526 568 1055 505 53 525 314 1268 1302 171 610 
069 : 536 1257 43 1152 1141 1158 41 293 186 37 1080 330 558 1264 568 655 1183 976 154 1368 17 1196 525 1205 418 535 1278 85 505 446 409 563 171 11 89 996 272 992 130 1201 1378 927 862 25 520 804 26 881 289 311 
071 : 289 1152 433 520 288 229 1141 1277 126 927 879 154 432 1196 1191 901 1342 549 1340 1091 558 464 446 420 714 284 1202 678 278 643 1140 85 1183 513 279 656 60 225 755 601 97 230 652 17 89 191 1267 681 222 1064 
072 : 521 440 526 496 503 468 469 1320 31 439 1267 312 880 819 38 903 121 1265 467 211 464 683 901 924 545 680 634 404 879 593 313 1276 194 70 989 1112 900 484 569 774 26 124 922 363 1338 916 1262 796 1272 572 
074 : 469 194 467 1070 496 503 468 404 903 312 440 313 848 885 130 526 936 121 122 1194 877 919 687 1087 1074 1320 1384 685 1210 916 521 1197 283 492 1329 235 193 1153 1366 1387 884 1041 736 572 879 706 480 1248 1338 470 
079 : 1190 108 103 1148 862 1312 357 1031 367 1199 177 849 1226 760 1269 317 1374 102 1185 515 231 1296 840 1245 1310 169 1147 1132 1032 625 257 665 167 1139 1391 319 1090 49 943 405 73 746 730 183 13 350 876 27 293 541 
080 : 305 525 540 310 84 123 1299 570 37 353 573 26 625 1200 1253 323 481 1311 333 355 1185 308 655 274 1159 480 192 1199 334 983 666 1241 63 553 537 329 571 645 324 1002 133 327 569 1076 124 2 568 1192 646 303 
081 : 525 333 353 1185 305 655 260 1159 540 84 983 123 303 1366 670 481 37 355 1241 120 623 553 645 274 1395 480 509 270 666 398 295 21 347 981 378 584 364 12 784 571 559 344 1328 269 1099 577 310 1002 145 436 
082 : 568 525 327 570 305 1200 308 304 310 334 25 573 323 663 389 1253 386 260 1299 1076 309 1311 412 540 307 98 306 537 2 180 26 135 393 9 329 1276 345 348 361 664 1396 192 571 1049 1370 1157 3 629 63 124 
083 : 526 440 797 638 879 468 26 451 795 222 708 392 334 880 633 1169 655 969 683 757 368 1228 801 214 707 465 265 313 141 712 1224 876 469 1338 634 1341 918 933 503 748 52 746 38 496 1311 415 632 197 312 1163 
084 : 320 527 321 322 349 854 366 1370 832 150 374 476 107 537 648 1235 15 356 943 553 269 365 61 855 271 94 377 502 376 1108 585 631 1055 452 478 1365 117 1222 700 1056 1240 362 1053 72 16 131 389 833 538 1267 
085 : 326 273 192 337 1259 410 802 494 528 801 541 435 124 922 414 27 329 248 1191 1301 161 1112 353 550 123 566 1189 468 969 947 25 421 336 231 992 1310 1149 815 106 384 1393 1263 665 1274 576 1319 838 1207 493 714 
086 : 326 528 494 106 23 261 1281 192 142 273 265 1259 997 1048 1213 922 75 1214 105 248 925 1301 1112 802 94 906 329 260 456 1310 251 1391 468 969 254 912 336 25 1042 523 96 10 1149 384 1393 306 422 269 22 541 
087 : 326 21 1215 265 528 629 260 906 306 22 251 254 96 1191 1214 1204 291 1281 550 1391 534 997 1383 329 142 176 628 798 170 961 75 1104 925 1192 121 1211 8 456 441 882 1157 989 1185 576 122 125 211 17 1205 363 
093 : 208 437 1221 298 407 269 447 61 1236 1253 531 524 267 297 1273 112 967 22 33 408 228 653 268 296 1139 607 978 1238 1255 469 1282 436 663 88 402 34 410 1222 1189 370 270 449 1161 1181 104 450 318 1006 1105 129 
094 : 123 1307 84 525 1213 666 44 1300 979 784 789 211 366 1185 555 554 365 310 1001 303 305 332 651 354 274 623 605 1192 1112 1378 546 759 1159 398 553 522 58 1066 754 1284 480 338 353 295 1241 645 1348 1065 1107 21 
095 : 376 17 460 251 1185 1301 389 377 265 326 4 1302 1376 3 1214 241 336 798 906 445 305 16 254 135 382 961 1241 1236 255 1281 327 180 96 1375 1331 527 309 81 990 542 145 1180 1052 596 71 352 770 73 562 425 
097 : 753 1331 783 1105 1285 637 14 251 781 878 1057 441 530 1339 627 686 711 1078 1290 1209 671 798 675 749 69 1008 391 30 1336 202 999 1338 708 979 634 766 1111 950 899 876 390 856 384 871 204 461 325 442 685 1162 
098 : 1099 916 753 444 747 856 634 1111 1290 878 1272 879 152 379 285 857 1339 52 1268 864 1338 766 810 880 655 1008 710 362 3 1296 1114 391 23 461 15 643 258 245 685 1207 1181 380 899 442 1004 948 749 1183 363 38 
099 : 270 754 963 789 509 788 120 407 873 398 1159 1348 1192 785 260 269 387 23 408 1393 158 776 61 784 872 962 1375 850 646 524 1178 983 888 559 571 869 378 1217 154 786 539 552 145 655 661 1300 142 342 333 88 
100 : 786 381 382 292 912 23 393 104 785 1022 661 261 458 788 789 1385 671 1126 750 839 1268 1149 547 1045 646 1382 383 629 1396 659 105 1271 885 9 724 375 316 890 221 1176 1051 754 296 196 1301 306 1332 891 1206 1192 
101 : 320 322 527 321 107 476 350 150 11 72 1377 606 1235 34 585 639 1240 730 677 23 478 1083 383 1073 833 1384 1388 1138 241 961 369 99 1192 452 648 349 243 1370 336 356 981 551 365 611 410 472 451 300 364 601 
102 : 539 333 566 789 564 435 1258 1146 922 754 784 1213 944 483 1192 1176 352 651 23 267 120 553 559 533 565 845 554 144 145 122 854 283 1002 1159 398 182 1238 81 646 437 383 1178 689 45 545 1104 628 1078 1081 21 
103 : 483 533 785 788 1383 459 105 381 452 789 1268 659 787 255 148 1258 116 1384 803 485 382 819 553 1178 1262 967 1215 754 689 1081 1370 1210 784 1283 1149 422 18 150 1105 169 664 1301 562 776 1182 977 569 1045 1076 457 
104 : 1045 843 287 1192 1118 889 676 1171 891 879 491 204 839 1256 678 420 783 543 472 954 1121 1336 415 795 1130 932 900 1051 566 1176 812 1081 1116 382 1339 793 279 763 771 1182 1135 802 1046 1246 1359 147 1146 567 971 435 
105 : 834 914 52 482 1015 390 345 1053 37 311 533 1008 428 894 719 175 878 1252 194 391 1225 410 441 15 1107 415 923 92 948 928 833 1024 110 1247 1336 277 1179 317 461 425 239 1111 593 940 512 224 1204 730 433 1245 
106 : 3 393 180 664 1106 388 655 4 1237 389 629 22 145 382 400 348 1107 310 412 1400 1397 306 1386 1355 21 2 1311 1370 308 406 74 155 133 1366 50 165 96 62 1227 569 1200 260 525 1182 484 977 568 570 1276 538 
107 : 128 1206 629 664 366 590 191 389 144 306 832 1039 310 460 644 1311 458 116 1182 2 1265 1370 375 418 329 1261 305 453 299 198 1072 1086 365 73 475 1251 1250 97 321 977 576 412 1081 255 1059 393 324 4 98 388 
108 : 3 393 180 664 4 389 412 1397 306 629 388 382 116 1107 419 400 944 1106 155 1400 784 72 1237 121 22 21 2 568 977 104 1276 23 324 50 9 308 260 309 785 345 381 1267 1220 570 255 826 145 1364 538 1055 
109 : 628 254 560 773 662 565 707 481 1266 365 364 689 535 661 125 338 1002 480 339 1157 985 1248 194 1205 878 248 1155 350 343 609 397 438 1104 308 195 272 81 493 340 690 1056 1185 433 62 1180 1283 60 1237 1343 1250 
110 : 128 306 264 393 111 664 540 322 399 559 648 750 292 381 1138 190 458 105 460 1200 941 299 327 104 1297 323 365 1383 131 538 1149 1043 310 1375 14 1053 180 754 394 366 1193 304 1386 1109 906 1366 1210 307 1182 477 
111 : 180 320 540 327 1236 104 359 1311 1260 397 365 349 435 1186 300 591 4 393 1054 940 62 526 843 611 3 304 573 28 325 111 400 494 645 1375 479 502 1046 57 475 255 831 570 376 889 457 965 382 527 460 79 
112 : 1299 570 305 540 1253 323 573 26 310 308 1200 63 537 327 192 124 1076 333 568 304 1311 663 494 572 525 25 666 409 329 307 625 455 334 134 670 256 1209 68 345 19 1158 37 1279 170 1310 309 418 291 973 569 
113 : 630 1313 238 537 139 1299 570 573 63 663 666 25 1195 333 309 799 941 416 1188 540 315 1214 670 1157 244 1081 310 1084 992 10 186 223 1082 189 1078 1080 762 668 305 1229 170 285 1395 1349 323 134 973 530 519 776 
114 : 332 573 541 401 625 577 1296 359 1305 1010 552 1247 517 1295 486 1073 925 259 166 24 488 167 410 160 1017 1201 1374 101 1061 969 556 575 1288 103 572 574 456 521 217 304 1011 1241 168 1197 1252 688 42 56 1112 421 
116 : 26 1153 1142 1161 68 625 516 1099 576 1155 997 141 430 1303 608 280 364 184 283 1158 1143 571 122 594 603 514 372 1305 1204 755 272 2 809 876 519 795 598 747 609 171 355 373 573 429 183 327 535 185 51 569 
118 : 1146 306 1099 396 584 50 630 339 670 951 959 329 565 398 585 21 645 1097 366 551 501 525 1048 1079 555 944 629 54 325 324 180 73 872 387 240 784 818 902 30 365 145 1008 431 55 91 102 635 1372 1061 395 
119 : 630 666 1076 537 565 667 670 1394 50 238 1198 1367 318 62 803 328 1395 9 1378 1205 228 389 523 570 1391 306 276 1010 668 976 1157 1191 1390 10 390 944 5 37 1319 1302 323 1274 43 230 831 572 25 360 272 1158 
120 : 1264 1395 347 667 537 670 668 223 175 1228 214 345 238 1049 630 572 1391 1205 315 134 504 139 1191 1299 1151 438 482 1394 1302 343 927 1076 272 1313 1367 666 187 1187 329 335 291 714 1189 823 1372 103 86 1084 1158 25 
121 : 543 578 589 237 592 590 591 588 426 138 216 764 1368 214 769 985 772 928 18 739 487 1171 822 1080 850 938 1355 1059 382 126 1168 990 1067 431 1126 986 297 741 932 345 1146 1364 166 523 642 1372 921 1116 326 885 
122 : 544 755 597 748 203 199 1066 567 251 1314 670 814 516 813 600 714 708 1335 287 781 1076 746 556 1074 688 594 19 372 307 749 294 917 1002 347 1146 327 689 36 204 760 441 805 572 56 571 84 10 52 861 898 
123 : 544 301 755 790 602 878 546 1335 251 120 441 813 905 748 595 1113 875 814 606 168 203 917 599 536 287 1378 879 947 792 704 1336 982 727 733 36 1095 158 869 640 906 597 1032 717 1019 1342 107 1214 1079 517 5 
126 : 799 714 672 631 652 203 468 597 445 1354 256 1163 809 206 76 1287 245 312 1336 904 316 78 382 249 544 1188 1353 676 265 772 602 991 603 264 530 856 1153 1323 314 1150 1325 752 205 722 226 311 1086 808 1286 185 
128 : 676 678 811 1339 783 1334 1332 924 206 503 677 638 918 1266 415 465 204 712 250 420 637 246 781 920 1343 792 1080 879 1337 901 264 652 1 247 703 698 249 632 52 1290 288 137 793 1246 701 1262 797 795 669 200 
130 : 680 909 18 1060 1275 740 1196 509 1053 1230 553 396 1063 1298 603 335 933 1037 1103 24 1286 898 1134 170 700 1321 1190 1119 282 541 12 1320 798 1137 1047 469 840 1272 1295 241 1203 792 811 276 171 244 295 1335 556 414 
131 : 21 522 378 398 337 142 294 872 555 554 295 546 1192 1104 861 19 1185 376 17 72 559 254 553 661 538 925 575 120 95 873 1281 1241 101 947 145 339 539 959 122 789 651 137 927 489 24 336 127 291 1106 347 
132 : 184 1287 710 1155 80 418 84 182 1211 314 293 280 516 7 526 594 431 553 610 207 9 199 719 272 1350 337 1154 1153 714 795 598 755 154 876 1305 910 125 874 608 625 123 89 514 294 1142 88 141 256 40 430 
133 : 755 594 790 544 516 1305 1155 214 280 598 600 879 1158 60 141 719 1290 188 876 1153 969 179 1001 455 430 251 545 431 1243 1151 230 602 184 1342 714 628 795 183 918 227 273 543 874 808 599 625 272 1066 1142 792 
135 : 1267 547 439 26 191 1309 707 310 2 1198 880 71 440 788 572 655 903 308 625 736 526 134 334 1260 1228 1248 25 231 612 496 1157 1300 569 1307 495 610 304 1251 797 900 803 1107 211 1295 1186 105 1238 422 1343 667 
136 : 613 617 548 616 622 619 621 615 618 614 1150 958 162 510 275 163 1161 143 620 1391 969 448 719 554 983 218 1103 1011 1348 1324 1000 992 1255 164 1345 718 449 1040 1244 302 821 211 357 882 7 1291 314 446 799 424 
137 : 879 1338 699 52 250 793 924 632 916 638 226 1290 465 795 757 917 919 796 797 902 685 315 674 612 464 313 200 420 1341 466 252 752 222 918 247 921 679 1186 1337 683 672 503 803 779 901 1333 468 415 205 526 
138 : 265 1187 311 892 293 415 793 394 457 291 416 111 502 1281 979 655 316 527 294 484 124 757 55 996 1228 797 839 358 1239 460 385 1216 563 1367 150 487 1051 972 1315 439 1160 187 204 794 798 371 1122 16 455 418 
139 : 795 431 252 879 316 924 925 672 800 799 1153 468 526 885 1093 610 315 1062 880 1154 440 923 801 876 214 1341 1338 1362 503 60 496 927 313 197 141 1243 233 469 1169 520 1074 918 1075 1350 38 179 124 991 415 312 
140 : 806 810 1331 1247 807 804 1093 1252 683 317 178 811 1219 1135 141 643 758 164 1124 726 834 808 221 719 870 1293 805 880 627 1147 915 1243 731 355 70 772 329 696 535 1086 209 414 192 515 28 220 523 575 747 378 
141 : 635 691 68 461 1241 923 1315 520 1285 421 695 1062 686 1143 355 1374 1226 70 1336 484 232 552 144 853 1092 1269 577 193 1353 585 572 1254 1204 36 191 1238 1009 1205 530 1072 602 494 1208 1100 1004 645 295 689 1113 950 
142 : 559 983 1161 438 1393 84 1394 283 524 142 1104 1099 1348 553 366 537 323 295 101 365 555 24 123 35 36 303 1159 1002 398 1395 668 662 666 655 509 571 437 329 1318 493 294 269 1065 1241 387 1307 564 1215 689 522 
143 : 1002 690 662 554 635 101 553 535 1104 1258 283 398 689 1204 1099 628 295 546 1074 1393 123 21 789 1394 465 436 1161 655 36 260 120 496 1192 144 559 549 269 564 670 145 55 1213 784 872 29 545 396 37 963 538 
145 : 637 698 465 779 247 288 700 250 705 699 1332 680 920 1333 1289 1334 803 632 243 712 669 921 200 678 704 226 1339 362 683 1280 1259 601 924 638 903 74 682 530 1 1155 1246 681 279 311 1171 899 1390 901 147 674 
146 : 1331 882 1289 1270 779 783 953 906 251 728 781 701 790 495 273 702 884 265 440 1214 948 810 187 78 14 860 654 1391 286 556 1006 76 824 1334 807 1332 725 1260 1105 902 96 1327 557 698 859 102 1290 204 880 651 
147 : 638 673 1095 1356 631 1091 747 969 1332 1080 1064 182 1334 238 368 1328 1211 918 1343 792 222 1169 1163 1380 1098 1089 1246 1279 758 748 685 811 521 1205 1393 451 670 1323 1239 1349 634 1381 415 114 708 338 200 790 1290 1084 
148 : 639 715 67 716 719 69 153 1379 1203 1345 1348 958 717 1000 77 682 32 164 979 1344 982 944 552 983 619 163 216 1346 1028 191 1393 461 499 1313 1293 888 368 598 436 506 1285 553 833 1141 745 671 613 1375 840 616 
149 : 1126 1122 1171 822 760 1067 741 1172 743 885 1118 740 1051 739 1069 1070 1013 1131 1068 897 1123 953 887 928 956 769 951 1145 1117 932 1037 1119 642 839 886 824 1017 930 853 938 929 935 849 934 823 1052 1071 1133 888 1050 
150 : 819 817 823 760 818 1119 820 825 1030 1023 1122 1121 1067 1026 826 824 284 599 867 130 10 1013 532 692 1035 1031 693 694 837 840 379 378 1015 462 957 1120 1014 1048 743 451 73 195 955 445 956 862 821 1345 390 929 
152 : 910 1007 1289 729 1331 913 516 720 998 287 132 1001 728 27 783 286 860 446 713 834 1015 67 827 766 231 100 1092 11 853 1006 60 143 1065 711 1035 1294 313 862 1363 594 362 1296 1268 588 835 858 676 1309 482 658 
153 : 761 1048 1050 1214 1126 951 906 251 1049 956 1174 265 483 1027 1127 1211 720 669 1359 770 182 35 1069 411 1038 824 1034 533 1128 1145 96 317 1015 1119 31 882 1146 400 826 1051 1205 122 1253 771 440 161 1196 441 925 932 
154 : 762 840 910 1177 462 821 824 837 1024 1023 51 863 866 825 644 957 913 897 1178 1117 826 818 817 760 744 29 836 870 1098 831 820 1043 1015 1122 925 1059 938 1029 1096 955 550 1136 867 1316 733 1053 1331 542 956 582 
155 : 848 764 847 953 846 1067 1126 743 1029 1037 739 763 886 1071 1036 839 844 897 887 841 854 769 955 1051 951 1070 1039 1034 853 1042 890 935 1129 821 1026 885 1118 407 1013 1171 1038 741 765 1068 1123 740 1018 1172 1030 47 
156 : 953 848 847 1036 1042 764 844 728 1038 846 1037 1043 935 739 1126 1070 1118 887 1039 886 552 1171 743 594 1040 322 42 723 955 910 719 898 908 954 911 931 890 878 1052 1158 930 849 1071 909 1129 740 52 544 832 1044 
157 : 640 909 725 836 883 870 720 220 1360 29 345 658 724 729 1124 911 1039 184 834 415 581 102 12 137 1012 1051 497 722 1361 100 884 997 1146 1362 762 202 1165 30 804 878 221 835 47 896 280 609 1363 1293 195 1279 
158 : 75 884 724 726 720 909 727 640 881 768 883 1045 951 721 723 860 866 1276 1208 722 47 100 882 932 13 834 729 767 1118 1171 1041 658 1244 743 1012 862 224 837 835 580 31 1117 867 151 1091 783 1130 92 1024 1294 
160 : 1008 31 5 391 711 627 51 859 982 877 864 66 509 726 390 729 715 658 285 29 886 1305 1178 709 434 707 486 978 894 728 720 1361 911 1379 95 606 860 857 938 858 1348 481 981 856 899 158 13 533 727 635 
161 : 1117 1396 412 642 1131 862 1387 1026 1013 245 1071 915 843 1032 1172 769 856 935 424 1023 15 31 761 1020 275 760 1037 1399 889 926 932 1069 400 957 425 1030 830 408 1173 1015 890 897 1358 1177 744 936 735 742 888 820 
163 : 894 1008 864 392 285 1400 1131 390 857 856 627 391 1392 728 15 1111 858 766 1026 948 593 890 859 822 889 686 736 1058 658 899 880 1272 843 425 1387 1042 31 1060 29 202 634 735 1172 1145 1031 1133 914 1056 320 928 
164 : 641 735 730 1045 736 647 422 831 648 734 955 840 936 284 733 1396 1054 424 700 854 454 1175 392 342 644 389 1119 1013 400 1138 765 1398 731 1233 264 15 1060 131 1126 1055 551 1029 155 320 766 1387 1130 856 841 761 
165 : 265 708 704 716 638 748 815 1272 52 1237 709 801 780 439 1349 969 746 1162 1163 204 567 440 391 812 1339 441 141 594 593 1290 1121 974 947 1338 627 415 202 14 1081 312 755 451 919 1288 1328 67 794 467 902 32 
167 : 895 1266 780 918 712 676 1290 551 919 1392 609 1333 465 597 703 315 757 201 924 503 1207 685 916 313 433 704 395 230 699 1316 709 885 794 783 675 517 229 779 670 879 624 200 544 640 1152 647 1337 589 883 923 
168 : 875 13 320 540 422 864 662 390 486 746 246 1008 371 243 782 184 14 260 284 12 1311 1400 831 552 577 1361 1068 442 180 154 359 139 833 407 56 1319 1274 81 135 79 509 1362 1145 1031 847 365 327 1309 144 51 
169 : 1106 1038 48 522 1074 272 759 384 1062 136 1243 505 1 186 279 1093 234 545 702 1305 1218 1064 758 918 605 927 1351 423 123 243 1285 1307 801 203 1135 1090 1041 411 701 456 1343 942 225 250 547 1378 920 1066 816 1339 
170 : 1304 122 1285 1001 492 384 360 688 1350 999 907 196 679 203 290 64 1164 229 222 906 1208 1328 434 947 927 1095 1162 230 925 1115 655 60 252 164 814 1218 816 1040 1027 440 1075 973 600 1262 87 287 710 248 204 776 
171 : 229 923 246 803 520 924 1062 1243 1074 230 672 141 1075 599 809 1305 1239 1124 1093 925 638 203 252 1092 1164 204 235 811 815 632 650 233 1259 698 360 1352 688 225 1265 484 234 671 1256 610 431 1350 434 799 1345 1328 
173 : 1132 897 1034 953 928 1133 1051 1068 1116 822 1122 938 765 1033 781 1331 1035 1270 1069 831 1057 1131 912 937 846 1070 15 58 1145 1067 629 1020 952 659 1129 323 168 494 1261 485 1136 1253 785 565 1024 102 1045 926 725 1260 
175 : 769 887 1146 886 1145 890 1123 885 765 741 1122 1172 1068 897 1070 764 1116 926 1117 760 891 888 740 953 852 642 847 854 937 31 843 846 1048 889 935 1177 898 831 1176 1067 833 1126 841 743 1038 928 739 1051 842 850 
176 : 1146 769 888 887 31 1116 875 1056 837 935 1117 890 741 885 1127 1178 932 1030 886 1024 642 767 891 1172 1122 842 1177 1012 1026 1126 1131 1362 743 742 1048 1032 1050 897 1145 951 833 926 1016 745 1175 1070 763 586 400 1017 
177 : 898 1070 931 938 371 1171 935 841 957 934 1068 1071 1001 1058 1117 930 78 743 1145 801 814 1067 918 1130 1337 1129 1059 1118 442 953 929 937 670 1285 251 19 1162 1288 811 513 915 951 1207 337 760 1287 887 713 1000 1187 
181 : 941 1360 1221 387 775 917 389 742 206 394 147 376 701 537 112 504 34 530 1270 345 351 1078 361 1362 1083 879 980 1222 740 1076 244 395 305 186 901 270 967 1316 81 798 383 491 128 950 990 145 152 99 1386 309 
182 : 941 898 938 516 1070 598 801 1001 931 918 139 442 1231 371 183 1287 1288 1080 230 594 10 656 670 514 389 969 957 934 1068 1305 1084 904 569 795 1319 1274 184 25 575 631 504 625 1395 188 1222 207 1230 1171 935 755 
183 : 1083 176 997 993 1093 1350 409 970 245 925 1062 1074 971 696 243 610 1075 519 1243 1352 695 137 923 973 697 350 924 131 1227 1292 791 1195 1096 1151 694 173 904 188 969 1265 909 725 711 520 179 991 177 672 103 772 
184 : 1288 1326 974 1083 1095 773 1265 1169 397 1237 1163 387 254 368 374 61 1283 451 1322 1329 308 994 340 969 1328 490 228 507 367 579 398 1200 711 310 638 18 265 628 697 1109 338 125 337 1113 1223 1060 389 355 481 1334 
187 : 5 6 582 587 869 1024 981 12 944 687 549 719 75 158 586 606 399 267 1392 1311 670 485 861 32 459 1207 628 666 167 1073 1346 28 185 1063 585 639 169 1375 45 829 1317 518 260 1067 280 720 1291 115 395 258 
189 : 945 1063 1087 745 762 92 1246 648 1388 988 1043 328 1286 637 987 12 321 1294 111 989 493 869 248 184 425 502 876 203 834 1051 1006 113 93 416 301 658 498 592 374 1293 677 38 868 415 529 293 606 345 543 1360 
190 : 945 988 989 987 741 143 314 278 985 1310 180 1279 336 367 427 507 68 36 872 215 368 3 680 764 990 73 1360 1275 376 855 870 12 382 753 97 375 1281 148 562 849 726 1100 362 1149 135 700 1108 341 1277 255 
196 : 948 859 5 1008 391 729 864 766 627 285 31 66 894 858 711 982 434 390 727 90 856 658 899 75 728 606 51 1162 29 857 419 486 15 500 877 749 481 753 509 709 1339 546 1379 746 1147 720 726 408 1163 1164 
200 : 1021 950 1023 1022 1025 1026 1012 1014 1017 952 1029 1034 1019 1028 330 1013 1015 1024 1020 1317 1018 955 1030 1032 951 1035 912 1016 1027 928 30 1125 78 287 820 1066 518 871 1118 1335 1049 69 1132 1075 1213 286 1292 1363 821 866 
201 : 1021 1026 1023 1014 1029 1017 1013 1030 1052 951 1018 950 761 952 1015 1022 1012 871 1027 1028 1146 1031 1024 400 1016 833 1019 1025 1020 760 642 957 743 898 1050 1034 823 1035 1400 1121 1359 31 838 830 767 1116 1396 1122 1314 956 
202 : 1026 1023 1014 1029 951 1021 1013 1030 1018 1028 950 1015 1022 1016 1012 871 1017 1027 1019 1052 1031 952 1024 761 1146 833 1025 1020 760 932 957 935 743 1034 823 1035 866 887 31 400 1269 830 856 1177 822 1174 1396 767 642 1070 
203 : 866 951 1012 1023 1014 1026 1015 1021 1017 1013 1028 1029 517 31 1035 1030 1024 96 743 313 1031 871 1022 640 355 400 1052 835 1309 1018 1027 1120 232 909 566 663 1237 1187 1020 827 1016 173 739 886 1056 726 201 950 1328 1025 
204 : 1026 1023 1029 1014 951 1021 1030 1017 1013 1012 1016 1018 950 1022 1015 1024 1027 1025 1028 1020 1019 1031 1120 1034 871 1035 1037 1067 1052 821 1146 1032 820 833 932 825 935 739 822 823 952 866 928 887 400 31 760 848 1177 761 
205 : 1021 951 1026 1023 1014 1031 1029 1033 1013 1030 761 891 831 1015 871 1022 139 1017 1012 1034 829 957 140 1027 550 1125 1028 1131 1052 774 1132 1018 10 1016 1024 1067 1070 915 175 1139 950 1020 106 1025 833 223 1145 956 521 1227 
206 : 952 1023 1026 1021 862 955 853 1052 1034 847 953 1326 850 743 1118 1126 1024 1068 897 854 1035 1363 1171 1125 1038 934 740 1029 1145 1032 1013 1172 760 1022 1067 826 848 887 1288 870 1030 836 1027 841 957 1025 871 1017 1133 885 
208 : 953 847 841 848 897 764 887 846 854 844 769 1038 1123 1068 1172 740 1171 1173 765 885 850 910 851 742 853 1036 852 1042 955 926 890 1070 935 1129 760 930 1118 741 1037 728 826 839 1034 1066 1051 913 886 763 1067 843 
209 : 847 953 897 848 1038 887 764 846 853 844 841 955 826 1171 769 763 1172 1068 1048 850 743 760 854 910 926 1070 1122 1034 740 956 1129 1123 1118 1132 1173 728 765 1066 1051 1067 742 913 886 1036 162 1145 851 852 819 129 
210 : 954 1038 890 1045 31 887 1042 839 769 1046 763 909 955 743 870 725 92 95 66 834 726 374 922 30 497 840 1012 848 838 837 1202 720 329 729 836 1015 256 580 1041 762 862 75 508 915 195 51 29 13 835 1362 
211 : 1038 930 1043 953 885 887 890 1123 1044 841 765 741 854 728 1171 1214 1135 954 1071 935 851 760 843 1042 1174 852 769 836 1294 889 164 1041 410 897 1037 279 421 938 826 1036 957 1070 30 837 1068 124 1059 828 12 742 
212 : 954 887 769 890 1136 1175 1042 1135 953 1125 885 827 1038 765 935 535 841 1134 854 1219 1068 1067 897 531 741 1123 922 711 870 1009 301 227 852 1247 374 851 1173 740 990 843 1129 839 889 1172 665 329 742 1002 928 345 
213 : 954 930 1042 1045 953 1043 955 848 1051 839 763 1171 1046 1044 1052 1174 743 885 1294 1070 1129 887 890 1123 841 765 826 741 854 1068 1135 1145 1071 935 851 828 843 852 769 1137 412 195 889 1038 498 1041 1360 1118 897 1037 
214 : 1045 955 763 838 839 1126 840 1363 1051 1046 954 1178 743 1176 841 847 854 1340 730 856 1400 1037 740 937 848 928 1042 657 1034 544 1022 641 746 1054 846 1053 1039 1171 198 221 1177 1117 1130 1175 810 1134 45 1123 1357 1360 
215 : 1045 1051 1046 1126 955 838 839 641 763 954 1176 1121 1130 827 520 915 1048 1171 744 743 950 852 928 765 1042 1363 1024 1359 1118 1177 823 821 956 647 427 932 92 533 47 1178 1145 121 1015 1022 1044 1066 441 454 1123 251 
216 : 1045 955 854 1046 838 763 839 840 641 1176 1146 1175 954 730 1178 1134 926 740 1022 1363 1051 1130 1177 1126 657 741 1137 928 841 1078 848 742 845 953 1000 628 170 566 883 894 735 1047 902 180 1117 1034 1359 837 1052 849 
217 : 956 1050 1049 1358 1357 1171 1069 843 850 888 1126 1128 761 885 647 852 1060 1397 889 1387 1119 1145 1398 1392 1399 1127 935 863 392 1048 1172 422 391 1034 390 1067 733 844 894 1137 1008 826 720 1068 1118 951 382 1056 191 78 
218 : 1048 1050 1126 956 761 823 1021 951 1069 1044 1146 744 826 1049 852 827 915 1176 720 888 1117 1359 743 928 1015 1396 838 533 932 642 1178 1122 765 1022 891 839 1127 822 1051 1034 1045 1121 763 1116 739 885 1026 741 769 1084 
219 : 930 1058 931 926 1070 898 1363 1059 935 951 938 937 802 769 1053 852 826 1138 741 633 1135 1131 1044 742 1024 19 743 915 1000 934 1361 1068 833 1126 1091 739 1056 423 740 894 605 1130 130 830 1048 624 128 765 1041 1362 
223 : 1062 1074 1075 1243 1202 923 803 924 799 970 672 223 809 1272 230 791 124 1259 696 252 593 231 141 429 430 629 204 384 1110 896 993 1300 232 285 406 48 432 1115 1197 610 997 927 1339 516 214 1239 431 1108 273 687 
224 : 678 676 251 1266 652 1362 399 52 783 950 206 924 142 834 433 1333 121 1262 1332 101 1121 635 246 427 677 679 225 1185 204 1246 498 222 465 1192 1352 1386 474 539 464 1339 413 781 1062 287 1234 1164 250 432 146 480 
225 : 671 1225 333 696 683 1339 678 676 632 1331 284 1062 970 1362 147 1334 1064 1115 465 95 346 250 1074 1332 336 1075 698 3 1341 674 223 316 205 80 902 972 919 227 1398 547 334 252 76 860 1355 1107 699 794 189 63 
226 : 1063 1085 584 393 394 1053 943 1082 551 323 1235 1081 1317 349 59 117 1078 281 422 299 1389 666 1394 228 670 1070 1146 1233 956 1286 940 128 1054 32 1079 171 300 1129 103 937 13 1222 367 771 1088 830 15 1121 1391 357 
227 : 1088 1086 111 1063 1054 1055 1087 1389 479 1262 832 863 916 367 785 551 692 351 659 1390 1382 451 703 266 281 684 1312 585 1317 93 1019 530 159 145 485 1362 1375 115 349 1267 395 1341 931 1061 827 967 570 32 1361 150 
230 : 1101 1065 1099 1096 553 806 804 1090 968 900 1100 1318 705 1097 781 1279 1028 905 480 516 82 505 293 749 1098 587 1241 1163 809 755 610 679 1007 602 76 1161 57 1157 1226 439 230 594 805 1299 877 194 191 172 274 689 
231 : 1096 1099 553 1097 1100 534 1065 1098 1302 1279 818 906 204 1160 1015 403 761 191 274 1101 82 127 1250 829 753 866 1057 12 1209 509 1117 242 463 817 1340 879 1392 1025 185 1103 462 587 1241 1042 1232 119 840 1040 955 592 
232 : 1006 160 1281 608 556 25 571 482 1356 1179 1253 358 1238 456 576 1075 1224 232 469 516 465 370 1391 531 690 122 668 626 994 990 473 1306 781 139 318 540 174 657 295 373 231 946 356 522 1377 1393 1248 210 976 544 
233 : 302 1269 405 421 1263 1011 1098 524 609 691 949 616 1298 1101 330 1199 1010 319 865 1336 1185 1020 474 259 1009 651 1335 710 14 552 254 541 586 753 906 463 292 125 185 622 355 283 1224 328 365 291 1313 1359 728 19 
234 : 1066 1197 1293 1115 1259 1339 846 716 598 969 1112 67 895 802 273 1287 849 544 326 801 728 1035 723 899 1379 1005 1289 922 719 1322 1305 248 925 390 1321 708 52 753 919 939 781 468 100 983 815 231 494 69 746 287 
241 : 1071 885 887 769 1134 890 741 763 1173 888 841 1126 1172 926 953 740 1146 1012 1037 1123 1038 743 765 1131 830 1068 1051 839 1145 1322 838 935 843 412 853 897 846 1052 739 1117 889 1171 1034 1042 1400 31 826 1116 1174 894 
245 : 1386 54 460 1192 55 1185 539 145 784 366 376 324 399 306 314 72 326 1182 365 348 377 1281 559 1375 962 329 489 364 461 240 305 1366 352 943 435 546 81 21 241 49 62 142 584 1241 50 474 778 789 398 974 
246 : 460 55 145 559 54 489 366 461 1386 240 376 326 365 306 1366 348 111 292 16 784 1182 477 81 963 62 1192 1185 562 364 323 352 1383 1281 21 72 1385 629 98 23 1241 324 28 1302 754 1109 539 1393 553 17 350 
247 : 492 232 57 56 1311 27 124 37 373 688 973 434 708 540 1231 655 1186 354 1304 248 233 1262 327 359 626 573 1307 322 234 832 48 525 122 1077 577 441 1236 443 1193 572 1218 1040 305 901 567 469 360 1115 1309 25 
250 : 311 415 265 316 1187 1287 503 793 457 291 416 111 1220 757 55 892 675 996 363 797 358 1239 460 1131 1367 150 972 1315 439 187 798 16 196 979 1043 240 1166 1278 1351 534 333 484 1386 3 1364 122 124 822 622 97 
251 : 504 71 1276 72 978 209 335 326 241 410 1269 569 376 663 943 414 112 306 417 1375 305 474 1109 961 308 521 1154 142 1268 1212 1241 460 54 74 890 334 495 1220 491 1076 1281 1257 309 256 750 121 381 1386 178 388 
252 : 504 1276 71 209 663 72 326 142 376 55 334 256 305 207 569 17 460 978 1237 496 377 1257 1322 309 54 335 112 418 286 337 1386 36 388 1171 296 899 22 73 1212 348 1321 1349 694 336 477 410 383 271 1303 525 
253 : 553 1279 274 1100 1158 981 1098 1185 1043 480 540 82 1299 592 980 665 536 1241 481 353 364 1089 327 1183 603 877 525 246 401 1157 37 1248 606 307 365 576 645 69 982 1234 305 214 14 1297 556 1096 509 408 366 323 
254 : 750 965 118 157 217 127 591 1043 648 341 301 745 242 941 412 410 738 1029 166 379 136 1280 1224 656 714 404 1009 1392 774 575 880 582 921 1197 629 172 369 190 1187 801 221 523 467 556 1320 606 561 529 945 601 
255 : 750 965 157 118 217 127 341 136 591 648 774 301 166 472 745 1280 985 1197 556 242 941 738 880 4 1126 1043 582 475 1368 131 1283 54 468 213 467 945 38 656 1366 1149 714 990 404 99 1009 477 887 458 11 381 
257 : 238 893 223 239 904 905 10 1082 139 175 1033 1205 1264 189 744 272 48 315 526 491 165 11 670 183 1191 536 1149 141 129 1040 951 592 430 702 1346 949 1319 668 1139 476 147 1294 1165 1227 1025 871 878 666 1257 361 
259 : 516 431 141 594 904 598 1155 812 631 755 808 1004 188 714 1106 795 179 1065 280 1000 513 608 876 567 252 1151 196 140 790 1318 1011 1395 1001 184 546 602 438 1153 1306 1066 794 800 293 1101 1305 791 719 239 1008 1007 
261 : 320 527 322 321 476 107 478 1370 1235 1251 551 23 72 150 425 1083 452 736 981 424 264 422 734 585 1233 732 472 934 1377 1210 1055 540 4 855 417 34 843 479 943 458 336 641 1181 1273 837 1149 731 1240 365 1056 
264 : 532 451 367 931 703 1067 767 934 956 731 841 916 630 785 91 1171 850 1117 1047 1088 351 936 759 538 1073 90 1086 251 290 470 1320 356 1182 1137 1270 206 376 479 1174 503 17 359 94 385 113 1210 21 738 1379 1129 
265 : 483 501 35 411 1157 1151 1257 1390 1274 1319 37 329 1140 523 1204 290 160 1063 178 549 983 1174 749 386 1198 58 1156 1121 609 462 1314 656 1264 1284 201 1392 175 1232 470 1318 896 802 228 383 186 115 1327 998 526 1287 
266 : 941 1221 238 139 491 670 34 1080 254 668 351 361 1222 387 666 338 270 415 1394 755 537 112 10 1395 1191 147 184 630 949 939 1082 43 671 1256 186 417 1007 207 1146 607 9 966 1381 1316 898 1078 1203 712 667 339 
267 : 963 542 586 581 5 119 30 869 396 181 399 587 767 1375 485 1207 509 1073 978 242 667 546 982 639 585 258 1221 1395 760 872 670 1148 495 518 524 1366 461 93 1182 535 6 570 387 944 584 1179 985 611 160 941 
268 : 543 590 592 589 426 138 216 588 214 591 642 1069 576 213 1371 237 1034 769 578 985 1089 1117 895 902 772 418 18 760 215 1169 899 581 1122 1171 1093 381 845 722 862 1356 938 330 382 1168 687 1177 723 990 1067 1111 
269 : 31 543 592 590 591 1171 511 589 387 426 1293 138 236 216 990 221 1183 1155 1368 940 957 968 214 237 39 578 1209 769 985 1085 91 1304 626 772 839 18 835 1153 73 889 819 1275 54 277 1386 451 1154 822 140 869 
272 : 633 680 918 428 224 854 379 250 849 811 682 433 930 1267 227 1080 122 183 1388 1196 774 194 802 278 677 1271 1322 229 674 246 1266 917 247 688 580 498 826 852 1231 248 447 72 987 49 803 468 1376 200 1304 971 
273 : 616 548 617 622 1391 613 969 621 218 1103 85 1150 1324 960 614 555 554 882 719 314 799 436 620 807 401 1102 1000 619 315 106 67 1147 938 1345 86 1348 878 806 1162 639 308 1299 1040 716 163 184 1275 275 1011 805 
274 : 997 409 176 993 243 1093 1350 1243 970 1062 1074 925 610 1075 971 725 696 1352 519 245 233 695 973 697 350 131 1151 1292 791 1374 1096 126 904 969 1265 909 1306 1021 991 177 672 221 924 923 171 174 1195 290 795 60 
275 : 634 685 686 1338 39 655 1311 444 1339 593 749 856 701 1218 70 285 503 380 1341 421 526 572 52 688 1290 204 1008 687 496 857 26 1111 312 193 880 766 201 363 1228 440 632 1233 1213 391 933 194 441 878 753 712 
277 : 1243 811 883 88 1177 804 806 1226 39 808 268 805 253 409 997 71 1247 810 1045 993 1203 942 1277 642 1142 583 590 683 1342 1311 199 439 1124 823 774 1170 341 227 523 157 555 1128 340 1237 238 1034 568 952 849 486 
283 : 716 509 554 153 978 1217 1219 639 618 207 77 1379 1146 607 715 813 408 898 353 555 339 318 254 1297 713 67 220 1279 202 82 742 242 400 99 817 451 361 1046 32 19 262 1083 1360 376 415 1391 21 1296 609 1226 
284 : 864 1008 285 856 857 390 858 391 766 948 911 627 859 15 878 658 899 31 1290 728 894 729 753 1111 914 686 727 75 879 1337 781 634 1127 1392 444 880 362 711 747 1338 643 1339 1269 486 380 202 1387 749 1341 709 
285 : 1243 1062 803 1075 1074 923 230 437 809 924 1239 723 610 432 17 672 993 252 753 60 456 925 229 233 431 520 795 1350 1093 433 235 1197 516 890 269 971 944 61 659 52 702 1153 407 799 1188 266 204 901 1111 404 
288 : 763 1126 1171 838 841 839 1071 1172 831 887 764 827 953 743 848 1068 1176 1130 847 897 886 936 1117 392 926 1070 761 846 1173 898 1051 935 1177 1052 1174 512 955 885 224 826 1360 1067 1131 929 741 1022 16 1178 769 957 
291 : 725 722 640 908 102 720 909 1360 729 220 29 137 1270 1279 1316 764 997 1146 911 78 186 742 1331 1046 581 740 724 762 781 497 184 1160 898 826 113 1298 66 728 202 95 834 99 1195 395 805 345 953 400 100 1016 
292 : 767 883 909 640 870 1362 726 768 1332 498 399 732 833 881 1146 884 906 246 75 907 1242 215 868 1334 727 1177 835 135 925 1033 1360 314 426 1279 733 724 836 31 893 1180 865 720 592 81 249 712 867 302 58 18 
293 : 390 1008 15 769 391 864 627 285 728 1339 122 856 948 1069 1111 52 911 858 432 14 725 820 895 766 857 859 760 899 1023 1322 496 1337 533 914 915 862 1128 658 1363 455 454 1134 1026 1251 1198 1386 31 894 765 1014 
294 : 864 31 285 1008 15 541 75 899 894 728 391 319 658 914 1042 1242 858 948 236 911 1392 390 766 856 857 727 627 859 209 720 827 593 1387 589 1249 1203 719 722 1276 1208 73 380 1339 1111 331 52 686 878 824 670 
295 : 735 641 733 734 647 875 648 1398 745 1399 1176 743 642 215 551 1014 386 950 819 1069 730 1359 1046 128 828 1135 850 392 310 888 1178 777 460 156 742 802 500 913 660 744 1017 1175 1202 792 851 1082 266 698 486 1212 
296 : 733 735 736 734 648 424 145 641 730 400 647 281 863 1060 422 1396 886 1054 703 392 1392 111 831 1088 93 1389 1387 1086 551 454 458 266 1029 980 425 1301 887 737 1036 1312 389 15 1077 856 1053 98 1130 459 13 181 
297 : 642 932 744 1359 1176 957 1293 1126 1050 888 1116 1173 741 1123 1067 1178 839 1117 1171 956 1172 1177 1069 760 938 1145 735 1051 1122 885 1131 1146 1118 1046 823 740 822 1070 937 743 887 769 382 831 838 1022 1055 1045 763 1130 
298 : 642 932 744 1359 1067 1176 1126 1293 1050 1116 1171 1123 1055 741 831 1069 839 1173 1172 1122 888 1118 1046 938 822 1145 937 769 885 1131 928 739 1146 887 956 1051 1117 382 1070 823 743 1178 1054 760 627 1045 735 551 740 833 
299 : 1008 746 875 486 1361 864 1346 390 13 246 966 1323 14 1177 1311 284 12 184 243 1147 577 102 540 715 180 1237 359 123 442 847 1281 886 327 1097 144 1319 1274 140 642 865 51 711 982 57 65 662 56 1348 342 158 
300 : 884 768 881 726 909 723 1168 1312 883 720 724 767 75 865 882 261 230 229 746 454 999 1236 1087 575 924 923 1179 358 867 804 809 352 727 70 1015 866 735 1268 100 1167 425 1335 931 1340 1266 689 960 1333 640 1142 
301 : 886 887 1126 1174 1146 551 889 897 890 743 885 935 1067 843 769 906 741 1068 1070 1145 1171 1027 826 1052 761 953 740 1051 848 1123 1172 851 824 765 957 760 926 847 1132 251 898 1117 841 424 1055 952 854 844 739 925 
303 : 1058 930 931 1070 833 744 1362 898 739 1294 1091 1059 935 1055 1052 938 937 769 852 1053 533 1117 1131 1044 638 1024 19 1107 1231 743 337 1054 915 934 130 1361 515 514 1126 926 826 520 1034 951 830 682 1048 928 847 624 
304 : 1071 1053 322 1134 54 639 1138 320 851 1044 467 128 953 1375 1137 841 1068 1043 264 1070 885 370 362 852 1136 887 890 461 826 1386 839 854 1034 954 29 760 935 1117 1042 734 934 1175 930 769 843 1362 923 728 1129 1227 
306 : 625 1297 1296 410 716 1299 578 401 1279 509 323 318 541 1379 1295 291 1217 24 1151 77 576 1219 1157 983 353 1391 537 1189 1364 1374 517 1241 979 903 536 575 274 69 1245 332 666 308 570 1315 574 329 501 1156 968 972 
314 : 1285 1310 411 925 19 687 670 932 1231 232 226 214 1378 93 497 605 327 979 467 371 27 1311 920 122 260 639 211 981 186 294 1274 612 1319 1303 957 36 535 927 359 223 203 354 679 567 628 58 360 1309 234 671 
315 : 1285 1308 38 58 882 48 940 359 482 1310 961 1231 1306 225 656 927 362 411 925 182 1378 575 1262 345 605 1211 1125 814 370 648 652 1074 122 234 1301 868 1192 979 1206 1300 1019 54 556 1303 1133 354 19 56 791 626 
316 : 147 1236 937 802 1311 496 573 1076 444 310 1368 298 1253 941 1080 153 305 465 383 1200 1229 208 324 475 308 98 363 192 525 307 257 351 1084 139 222 477 537 389 94 63 653 1310 1149 663 1371 1235 971 117 967 85 
317 : 1323 131 1287 1069 1017 912 1192 1199 1182 827 133 465 337 352 587 393 1367 959 1076 1321 540 135 461 610 334 962 547 8 667 326 382 315 1149 629 378 391 256 525 1109 287 381 1100 72 4 254 933 21 1366 1320 9 
321 : 1290 879 1338 638 467 948 1341 878 598 876 431 859 809 440 880 312 567 1106 285 1006 496 252 468 918 795 214 1095 204 1098 801 38 714 197 781 371 1008 516 526 63 750 812 1269 1101 1336 1004 1153 335 80 790 1331 
323 : 365 39 274 655 679 46 819 678 295 509 661 1154 1040 525 110 859 59 366 640 103 593 338 89 1185 128 264 1361 335 1032 1212 577 490 592 1300 1241 355 540 576 1317 434 1161 458 1370 1004 565 862 573 623 618 216 
327 : 1291 1344 163 1217 1346 566 716 1305 1348 624 1300 598 1345 204 1196 164 711 1239 707 123 712 1352 815 947 780 719 1124 1266 1092 274 1080 1177 1173 379 415 1226 1323 357 683 1207 759 1104 213 113 978 1256 77 812 44 853 
331 : 959 240 1364 256 45 187 798 651 455 254 38 487 1106 376 996 337 335 336 527 418 417 135 89 1278 207 872 121 1323 378 974 1241 305 671 526 339 461 972 458 1281 271 961 16 960 799 358 53 343 547 610 291 
332 : 1172 1171 1145 1126 1132 1068 887 761 743 1133 956 1067 885 897 1070 1118 938 1125 838 957 891 1037 1031 1131 953 822 1034 1173 1130 843 886 826 831 889 853 1071 760 935 740 1128 741 841 926 1117 1052 769 827 1122 839 31 
333 : 897 935 743 886 1067 890 885 887 1070 1145 1126 1171 1051 741 1174 769 740 1117 1068 1133 1123 839 739 953 891 889 1122 1172 765 926 848 761 1132 760 847 898 831 841 1071 1129 1052 854 852 955 1118 843 929 1173 936 853 
335 : 1177 888 1178 885 1176 838 1146 31 769 642 1173 1123 823 1045 887 839 932 1050 1121 1046 412 1126 1133 858 763 1358 740 822 890 1051 741 1116 1012 1070 1357 400 1122 760 841 833 1132 870 954 1293 95 765 1172 886 1022 1027 
336 : 1146 885 769 888 741 1116 1173 642 887 765 1178 1038 1145 1117 1126 1122 932 1123 744 839 1177 890 852 953 763 1067 31 1283 822 891 1050 382 23 1176 1121 400 105 842 956 954 1175 845 740 760 928 1131 255 1012 937 1051 
338 : 1294 848 1362 1043 930 1044 828 1042 831 1036 1058 739 46 1154 744 756 1038 954 777 1059 1037 47 741 1054 130 830 1039 92 952 1070 1055 833 1126 1052 887 897 1071 843 510 827 642 378 1360 1135 866 1335 15 874 156 451 
339 : 535 1234 1253 68 273 666 1205 295 516 625 357 1204 1238 456 1198 411 533 707 1311 25 997 421 85 2 211 1285 574 35 317 188 44 1161 680 536 482 808 985 1142 124 170 1391 179 979 945 1006 1196 1377 483 332 840 
340 : 407 958 175 1269 1220 39 1225 1206 968 693 1156 345 1319 1364 974 800 330 692 466 612 1274 905 265 665 694 623 904 1288 971 636 1107 1378 650 1200 173 344 972 117 1077 268 713 1389 993 1010 411 153 1271 1091 216 1267 
347 : 323 983 559 1318 666 438 324 1161 1002 655 35 142 1151 295 334 1394 625 2 84 1204 1073 154 329 629 1393 283 523 349 553 36 501 180 123 946 994 1192 1395 979 65 1143 1191 398 318 37 25 21 1241 575 74 1305 
348 : 323 559 983 295 666 655 438 1161 154 553 35 180 1394 1002 1281 36 629 979 142 398 1204 324 1237 84 283 1147 1241 554 21 329 436 1393 120 101 1104 161 585 269 493 555 372 501 332 670 145 181 396 523 77 37 
349 : 1221 208 1222 447 993 299 268 992 228 664 809 971 657 449 892 1191 808 79 530 361 73 89 269 194 270 428 537 1256 197 1082 660 1179 861 342 371 319 1042 315 1377 947 566 1247 7 61 1309 500 1368 1107 397 407 
352 : 1192 1375 325 231 16 527 292 378 461 472 1182 4 261 1261 336 458 382 376 1183 266 1149 559 155 1302 977 1148 433 111 1241 339 1384 843 135 375 309 1275 786 981 1051 585 1281 491 242 3 322 191 457 287 1180 664 
353 : 1182 194 3 559 754 1366 1084 292 637 839 1386 378 1221 652 1375 1183 1005 458 435 653 527 49 1056 489 662 1370 833 540 1371 1109 1051 579 580 587 1225 336 528 181 11 1294 1281 586 4 984 406 736 784 836 246 36 
355 : 1130 419 1399 393 400 1359 1048 1400 1050 886 412 1070 1396 3 1116 1293 31 1121 180 1037 389 1173 1008 1358 1132 664 324 864 1357 4 1397 2 116 887 915 820 1029 1120 763 1067 388 1013 1014 826 1360 1119 956 830 1398 1387 
356 : 400 1399 1008 419 1358 1048 1396 1400 1357 1050 412 393 3 1359 1387 1398 839 180 389 425 1037 388 1121 664 398 864 1051 647 31 4 551 1397 1119 1117 825 733 737 418 820 644 895 1392 1031 863 1026 2 1130 454 826 735 
360 : 1312 405 259 1314 175 656 1286 1318 317 575 1316 1011 611 140 1157 167 1315 1298 236 1009 283 595 1257 438 401 523 1230 524 1296 983 1374 302 1395 456 123 239 572 315 170 1205 110 183 1252 74 576 976 318 223 495 493 
365 : 1188 1380 638 340 834 1345 1291 368 1349 215 1344 225 748 1124 173 416 63 712 746 985 1326 708 713 451 1399 794 200 338 27 374 1332 793 1136 519 1334 709 1246 164 367 52 493 1356 1347 896 969 893 354 792 640 12 
