001 : 486 13 12 51 878 665 359 573 141 663 875 747 184 78 1186 746 172 56 374 1268 526 1003 1361 429 14 879 876 685 1144 1155 552 925 280 435 332 817 104 860 1362 219 25 792 726 253 251 781 180 154 1169 1163 
002 : 12 51 746 875 884 1089 747 172 1169 810 429 700 1170 1158 724 726 14 883 374 781 878 141 729 253 75 1380 908 1217 792 607 1263 606 876 288 1042 78 284 925 712 100 47 1147 1299 805 650 1300 1163 672 1095 1320 
004 : 485 5 399 181 144 90 91 542 579 584 6 582 349 585 119 587 509 707 281 1370 785 586 387 95 625 395 1279 978 518 486 1389 422 982 1295 350 980 72 944 666 425 398 463 1207 546 623 1233 1072 30 547 940 
008 : 166 488 1189 1061 1085 1255 236 167 1315 1374 1221 1275 259 575 355 185 1312 24 1123 1160 410 378 914 574 1011 656 583 332 1252 170 1254 435 1192 536 1077 437 645 103 541 851 1242 190 1010 1297 317 1198 1026 1199 86 159 
009 : 1032 103 943 1296 625 1272 650 746 1379 849 401 488 968 1391 1295 410 925 355 342 1219 26 824 359 552 813 540 1305 163 575 708 1374 368 828 130 77 1102 1147 108 68 172 1283 101 536 981 1389 1180 1297 537 451 1253 
010 : 491 257 385 386 1196 345 409 610 418 1374 271 1075 798 406 767 243 1273 1282 802 1364 959 121 142 137 646 72 18 1363 883 294 397 377 265 1190 861 339 398 128 413 1174 74 522 544 1308 258 1146 17 154 640 256 
012 : 492 57 124 56 232 122 1231 248 234 973 434 373 688 48 1040 498 354 1350 698 567 469 1192 694 1307 27 1104 1355 1262 312 1347 225 1006 37 680 69 1114 1077 197 32 1352 907 58 708 443 636 1186 1115 801 695 70 
013 : 492 122 19 232 556 124 248 433 443 1193 69 711 1083 231 1231 360 461 1350 498 1262 1352 1192 230 292 1106 476 993 441 56 1336 655 947 1006 234 988 197 1304 753 370 1104 923 1114 48 354 1077 1347 307 815 283 501 
015 : 45 102 398 549 5 983 303 1099 270 221 144 347 743 489 21 585 754 436 74 37 784 55 120 269 756 707 168 310 559 396 555 101 839 670 847 378 748 145 295 181 963 763 509 123 1258 772 554 838 47 789 
018 : 302 405 524 949 493 1010 616 691 1143 436 1286 1009 1199 1264 1150 69 1214 421 332 1098 621 1099 110 127 259 283 781 552 1335 541 1011 330 656 1290 482 1046 328 1003 609 103 438 360 615 575 442 1336 622 329 272 617 
022 : 495 472 654 1327 273 72 93 28 1157 305 667 1238 1356 25 1314 341 147 192 556 107 1200 308 1310 491 160 27 777 262 567 177 557 843 2 941 593 1181 264 1186 802 35 304 724 939 110 525 402 473 1206 320 279 
023 : 650 624 543 941 1232 966 1221 939 1223 590 1164 602 270 506 1094 592 245 1209 491 387 203 806 708 557 652 1165 632 86 631 112 1227 1379 34 215 1332 1334 1064 704 95 276 810 749 556 1091 578 1289 805 717 742 1144 
026 : 496 903 313 520 38 880 440 643 415 879 1099 199 853 797 143 468 258 526 594 469 1183 1017 503 312 1332 1268 335 1334 1037 795 801 1242 660 316 1163 1290 577 713 403 231 587 927 1260 1338 750 467 521 404 197 1153 
027 : 256 170 291 439 345 64 335 1364 798 265 1314 308 568 939 903 310 973 1228 969 119 1157 630 190 97 1321 569 192 334 409 1181 570 326 556 1303 411 65 1200 309 1279 26 557 1327 1329 1313 875 142 974 1288 304 329 
029 : 462 1099 463 1340 817 1025 761 1043 1065 1027 542 981 1096 890 982 405 82 1024 1127 866 762 509 553 1097 1117 1098 1279 1100 822 1322 119 1015 1042 840 592 1269 1071 524 403 818 691 586 707 952 949 870 1072 766 862 836 
031 : 498 106 326 93 1006 849 494 869 814 231 1286 1301 1259 1043 927 528 1255 803 918 384 1108 1124 161 1246 1037 248 1112 468 234 802 208 922 372 410 1280 360 669 1400 154 1358 233 1393 25 273 111 920 607 945 1188 279 
032 : 106 1108 700 445 326 336 1281 1301 498 916 1149 372 231 849 494 148 714 607 154 1197 410 269 1206 1259 389 61 284 528 655 1304 803 551 1393 814 1276 373 1253 1255 927 368 577 1179 601 384 87 987 60 362 801 983 
033 : 492 498 248 197 56 1352 234 1231 69 106 232 360 57 354 231 124 1262 122 154 1006 1114 801 1192 19 1005 927 1304 1259 196 421 225 1350 1104 688 988 58 993 312 435 922 48 468 947 1124 567 1307 373 1193 815 384 
034 : 706 82 286 1331 1279 237 713 44 714 1260 1146 1295 1219 831 27 586 1242 1078 409 1003 1006 1296 58 554 1235 402 61 152 868 222 1217 261 594 201 446 842 1009 964 448 1309 880 927 1008 590 987 520 509 716 905 845 
035 : 500 450 270 268 407 87 88 267 26 95 584 104 300 458 1273 190 877 123 1154 902 112 408 1194 1008 44 1097 966 171 1371 114 973 968 981 607 22 84 1181 102 135 11 1391 424 963 342 635 1149 456 1177 603 1222 
039 : 502 271 302 343 68 663 1007 377 686 1176 628 413 1011 96 1156 874 429 1337 421 538 1237 1157 1212 1004 947 238 508 340 1161 17 1199 552 297 1187 562 881 1159 342 916 338 173 69 810 593 1003 1303 125 152 670 334 
040 : 254 560 125 413 307 348 16 406 346 61 120 66 547 322 260 140 378 562 474 1298 398 655 565 980 861 962 72 21 610 81 261 481 306 606 381 546 145 50 1355 4 766 62 9 171 497 1188 389 17 1230 1076 
041 : 892 902 718 237 130 11 753 1109 1151 634 1259 899 1287 74 905 586 1 453 1275 28 903 14 244 879 977 360 955 1103 185 64 1331 530 640 906 284 1004 166 1111 1284 694 804 184 708 289 444 921 1369 1380 296 1206 
049 : 46 756 883 1361 47 724 51 1362 12 1034 650 102 884 738 1217 833 75 583 1088 723 875 85 81 727 274 182 1294 1317 1015 280 615 781 55 439 993 374 1172 1300 511 391 1211 1024 845 1226 334 869 92 1131 22 1246 
050 : 215 277 214 121 216 213 772 511 945 987 212 1288 134 588 97 1367 409 11 426 455 989 138 345 1243 1329 1202 540 990 37 487 352 592 1306 186 589 482 973 798 647 172 969 18 231 1271 869 1195 658 1222 327 767 
051 : 382 145 307 4 305 611 568 629 96 180 348 3 547 21 1278 306 389 135 1355 326 393 525 1076 610 310 664 527 376 1200 346 148 562 308 1302 23 732 50 1365 570 1325 560 309 381 784 72 327 1109 1182 260 481 
052 : 512 1176 1031 1293 224 752 251 680 1035 279 803 674 247 1124 683 1132 916 886 367 1266 513 521 888 677 76 1320 147 733 189 1 798 246 256 36 679 250 919 602 601 42 451 135 593 1131 833 921 474 1039 192 535 
053 : 367 451 674 752 1050 503 683 1048 251 981 906 677 226 803 1130 781 247 246 680 1342 250 967 27 1131 1207 545 921 758 704 698 1075 1311 840 521 13 916 485 727 596 1023 920 864 39 762 395 470 612 271 1380 831 
054 : 420 465 612 900 250 513 601 222 514 683 901 464 803 200 211 147 902 191 1267 544 1229 146 1107 545 1300 334 757 633 796 226 680 569 686 26 792 1272 699 600 916 674 793 52 655 879 1248 547 225 924 707 625 
055 : 633 513 683 250 601 222 902 420 602 45 1058 752 935 1197 577 465 791 545 1186 925 191 464 895 466 680 229 918 147 230 19 600 289 898 941 921 1070 901 657 779 326 146 432 514 605 938 682 1188 792 1208 205 
056 : 751 1209 228 1153 895 1082 918 551 920 749 698 1245 1067 424 247 1085 1390 15 743 229 527 1040 1129 1292 1336 531 1106 179 1400 885 699 669 317 188 844 180 1341 1124 1055 1370 1350 916 1149 135 818 442 704 1382 297 891 
057 : 752 382 1259 1186 802 468 147 273 287 665 1112 1215 941 25 307 192 922 259 530 250 248 134 472 714 359 445 491 557 1213 556 230 1272 921 1087 543 494 27 601 242 160 568 1271 4 599 305 1197 754 926 513 843 
058 : 516 141 431 598 594 904 808 1106 1162 1155 755 546 1001 1163 713 790 1004 795 791 1000 280 876 252 631 608 1065 918 196 1357 1318 140 1350 251 1306 184 812 1358 1395 800 602 814 792 1011 1290 714 1153 346 293 1101 1305 
059 : 516 1153 795 1350 431 594 1243 280 598 1142 904 672 175 141 1155 610 1341 800 714 252 430 198 188 618 230 520 40 876 179 256 799 1154 1229 1092 971 466 604 993 809 372 1062 608 1287 755 140 1305 184 182 26 535 
061 : 875 319 1208 1160 488 1189 1276 1203 1327 1314 654 1389 1244 310 166 75 720 190 745 209 913 665 998 156 169 517 132 297 161 724 1103 1322 1245 1315 575 1156 170 1318 151 1077 1061 1319 865 119 541 1321 262 656 317 410 
062 : 168 509 123 398 260 789 269 1222 387 274 959 1268 353 550 74 963 1215 623 666 144 319 975 565 1192 281 546 347 21 154 306 55 62 1381 407 333 84 120 559 646 1386 1366 661 303 1142 518 72 870 145 45 102 
066 : 186 409 1311 176 126 1352 519 283 461 345 242 121 655 173 482 232 923 1306 979 431 174 1340 188 415 1106 282 1001 973 189 97 487 179 311 93 943 1336 730 10 932 999 230 1018 969 241 234 513 540 1225 354 1021 
067 : 536 1211 24 1238 154 1152 25 182 36 1279 17 1141 433 976 796 446 1373 558 279 89 800 272 1183 1391 233 531 373 85 610 19 338 1196 1205 7 186 79 228 360 525 177 293 535 1368 1305 1356 537 1247 979 577 1230 
068 : 1257 43 293 1264 337 1278 180 1383 41 1220 992 1155 418 330 655 261 265 133 207 959 358 24 1205 53 79 96 1211 996 37 664 260 536 1284 8 933 668 1215 314 1199 526 504 125 272 610 40 1302 1300 1188 1055 80 
069 : 536 1257 43 1152 186 41 1158 1141 1080 37 293 330 976 558 568 655 1264 1183 17 1196 1205 525 154 535 1368 85 418 563 1278 409 89 505 11 272 446 1201 130 1378 171 927 992 996 9 25 508 520 862 79 26 401 
071 : 289 1152 433 288 229 520 1141 1277 927 126 879 432 154 1196 1191 1342 1340 901 464 1091 420 549 558 1202 643 279 284 446 714 278 678 1140 513 225 755 1183 222 60 601 652 89 85 97 230 656 17 825 191 1064 676 
072 : 521 526 440 496 468 503 469 1320 439 1267 312 903 121 31 211 819 38 1265 404 880 467 901 683 313 634 545 680 900 464 924 26 1112 593 1272 569 774 989 124 922 420 70 363 194 484 514 1154 920 1262 879 801 
074 : 469 467 194 404 496 503 468 1070 903 440 312 526 313 1194 848 121 122 885 1074 936 521 687 919 877 130 1210 916 193 706 1153 1087 283 1320 1384 685 492 1248 470 1197 990 940 1329 1267 398 1366 1324 572 652 702 444 
079 : 1190 103 108 1148 1031 862 1312 367 1199 357 849 1226 1269 760 317 840 231 177 169 1374 1185 665 1132 1310 183 102 1139 515 167 1296 319 27 125 1245 1147 49 974 625 13 1032 343 207 1391 541 293 405 73 338 867 1242 
080 : 305 525 540 310 84 123 573 353 1311 26 1299 625 570 481 37 655 1200 274 1253 1185 355 308 323 333 1159 983 192 480 1241 334 133 666 645 1076 324 329 623 569 25 1002 2 124 303 1192 1199 537 345 63 553 571 
081 : 525 333 655 353 305 84 1159 983 1185 123 303 260 540 623 481 37 120 1241 274 1366 270 670 645 355 21 666 398 1395 347 553 378 269 981 509 784 480 344 295 74 629 1328 571 584 102 364 1213 577 145 688 1002 
082 : 568 525 570 327 305 310 304 1200 308 25 573 663 323 334 389 1253 260 386 309 1311 412 540 1299 306 1076 307 98 2 180 537 393 9 1276 1370 664 135 345 26 329 1396 192 361 348 571 629 3 1049 1214 1157 1364 
083 : 526 440 797 638 879 222 468 795 26 708 683 334 451 880 1169 801 655 392 214 1228 712 707 633 876 969 368 1341 313 1338 465 757 265 141 1224 197 924 918 748 634 52 469 252 38 746 991 503 415 312 933 1163 
084 : 320 527 321 322 349 854 1370 366 476 150 374 107 832 1235 648 537 15 356 553 365 943 269 855 377 585 376 1108 271 61 1055 94 1240 478 1056 538 1222 1053 452 117 1233 502 700 16 72 1365 540 631 131 362 1154 
085 : 326 192 337 273 1259 494 410 528 802 541 801 435 353 124 1301 27 992 329 1112 1191 922 414 161 1149 336 566 1274 25 550 1319 576 248 1310 123 1263 1189 468 421 969 547 899 231 815 665 493 1207 332 803 106 384 
086 : 326 494 528 23 261 106 192 1281 273 1259 265 105 1301 142 1310 1112 94 1213 922 629 1214 468 254 1149 802 248 96 456 1391 306 269 133 260 906 925 25 1048 997 803 541 329 336 912 75 523 22 1393 666 992 969 
087 : 326 21 1215 629 306 265 528 254 96 260 22 906 1281 291 251 550 1191 534 1214 798 1204 1383 1391 4 170 1142 329 142 121 125 1205 997 176 961 3 17 324 1076 8 363 1211 1302 576 211 23 1104 628 1192 989 456 
093 : 208 437 1221 298 407 269 531 1236 1253 61 447 267 297 1273 967 524 33 112 1139 22 228 296 268 653 607 408 469 1255 1238 1282 663 370 410 88 402 1181 978 270 1189 318 1222 34 436 625 332 1006 19 450 1377 1105 
094 : 123 84 1307 1213 525 1300 211 666 44 979 1185 555 789 365 784 366 274 554 303 305 332 1001 623 651 310 1192 354 1112 1159 546 759 605 398 295 522 754 1066 1378 553 353 45 645 338 480 1284 58 1241 364 1348 1107 
095 : 376 17 460 1185 251 1301 4 377 389 265 326 1302 3 1376 16 336 241 254 305 1214 135 382 798 445 1241 961 180 1281 1236 527 327 1375 255 145 309 71 906 73 96 358 542 1209 562 664 504 81 1180 425 1149 348 
097 : 753 1331 783 1105 14 1285 1057 781 251 637 878 441 1339 686 1290 627 530 711 749 1209 1008 671 1336 202 391 1078 69 999 1338 675 798 708 30 899 204 856 390 766 979 634 876 950 780 442 685 1111 1162 254 879 906 
098 : 1099 916 444 753 856 747 634 1272 857 3 379 1290 1111 152 52 878 1339 1268 879 1181 1338 23 864 258 285 655 1296 1008 391 461 766 710 26 363 810 167 899 749 1084 38 442 1245 1085 1269 880 380 774 593 1114 362 
099 : 270 754 789 963 120 509 398 873 788 407 1159 269 387 785 1348 1192 23 260 1393 61 158 872 408 784 776 646 962 571 1375 983 378 539 661 1178 775 333 655 524 145 869 1213 88 98 559 850 1104 267 666 564 1307 
100 : 393 382 23 381 292 912 261 661 785 786 789 629 458 1385 104 547 383 1149 646 1382 375 788 671 105 1022 659 1268 750 1301 306 3 9 316 308 145 754 610 977 1154 1126 363 148 784 326 4 221 1281 839 798 657 
101 : 320 322 527 321 107 476 1377 72 1240 150 1235 585 350 34 730 11 606 1083 677 478 833 639 1073 1384 383 551 23 648 336 1138 1192 1370 349 734 241 1388 472 981 364 369 452 410 961 365 300 611 641 843 425 451 
102 : 539 333 566 564 789 435 1258 1213 1146 922 754 784 1192 483 944 352 23 1176 267 651 120 559 553 144 533 565 554 845 145 1159 283 854 1002 398 122 646 689 81 1104 571 437 45 383 182 1081 1178 1238 21 1393 560 
103 : 483 1383 533 459 785 381 105 788 452 148 789 1268 659 255 787 116 382 803 485 1149 1384 1370 1258 1210 1081 967 754 18 1262 553 1182 784 977 1215 1283 150 562 689 1301 965 819 1076 478 457 1178 943 191 569 629 565 
104 : 1045 843 287 1118 1171 891 1192 491 839 889 954 204 420 676 1130 1256 678 1336 566 415 1121 783 879 472 1051 932 900 1116 1081 971 1135 763 435 812 795 543 605 1182 1176 411 567 492 1339 1021 838 1246 1119 1039 147 1237 
105 : 914 52 834 482 1015 390 37 428 1053 345 1008 311 533 1107 175 894 1252 878 194 719 441 923 415 1225 391 928 410 15 92 461 833 239 1024 948 1179 1245 1247 730 277 425 1018 1336 317 593 110 1111 1204 512 1091 940 
106 : 3 393 180 388 1106 664 4 655 389 1237 629 310 382 145 22 308 348 1107 306 1386 2 133 1370 21 74 1355 569 406 155 400 1311 525 96 305 62 1200 412 50 1182 610 23 1400 1227 165 309 1397 1366 570 977 327 
107 : 128 629 1206 664 191 590 389 366 306 310 1182 458 375 2 144 305 1370 460 832 329 116 418 1311 299 1265 1086 97 4 1039 644 1072 98 393 1081 365 1251 453 475 1261 73 576 324 537 445 322 1083 180 198 1250 1253 
108 : 3 393 180 4 664 389 629 306 382 388 1106 1107 412 1397 23 2 155 116 944 784 21 121 22 72 324 400 309 977 308 9 419 1237 568 50 207 1400 145 104 1228 570 381 785 310 345 1220 1276 327 260 569 525 
109 : 628 254 560 662 773 1266 481 707 565 365 535 364 661 194 689 338 125 1002 985 1157 272 480 248 339 1248 1205 1155 195 343 878 609 493 1104 438 60 397 433 81 1283 1056 1180 690 214 1250 308 350 1391 441 340 260 
110 : 264 128 393 306 111 664 540 559 292 460 322 1383 180 327 1200 458 105 648 381 104 310 365 299 750 399 323 4 131 1193 1149 1375 538 1182 1109 366 1138 1053 1210 307 1297 190 394 941 754 1043 477 1366 1370 459 304 
111 : 180 320 540 327 1236 104 349 1311 1260 4 393 359 300 365 435 397 62 1186 3 479 111 475 1054 255 570 457 573 940 1375 591 526 304 376 611 325 843 494 965 382 527 1383 460 1382 645 28 117 664 1182 155 889 
112 : 1299 305 540 573 570 1253 323 310 1200 26 308 63 494 1076 537 124 568 192 304 670 666 327 525 25 307 409 625 663 329 572 455 1311 68 334 333 1158 1209 256 345 134 170 569 496 536 1234 19 688 544 1310 371 
113 : 630 1313 537 238 570 63 663 941 666 139 315 309 573 310 1081 25 540 1157 1078 799 1195 333 1082 1188 1299 1229 244 670 189 1084 10 992 439 668 1080 530 1214 285 519 1076 186 134 687 223 504 416 228 1394 1395 511 
114 : 332 541 573 401 625 577 1296 359 1010 1305 1295 552 1247 517 166 486 1073 259 410 925 160 1201 24 167 574 456 572 556 575 494 1374 488 217 101 103 1112 1061 1288 326 969 521 688 1259 27 304 1017 56 1241 665 1310 
116 : 26 1153 625 1142 1161 68 1155 576 516 1099 430 997 141 608 1303 280 283 1143 603 364 1158 1204 519 571 372 184 876 514 122 809 594 2 1305 755 272 183 598 171 373 573 355 795 609 747 535 904 185 556 429 604 
118 : 1099 1146 306 396 584 670 50 959 630 339 565 645 329 21 1097 398 585 951 525 366 629 55 240 501 1008 784 102 325 54 551 944 324 365 872 450 1048 395 666 145 818 73 623 1372 1079 387 555 30 1366 1121 550 
119 : 630 666 1076 537 667 565 1394 670 1198 50 1367 318 238 328 1395 62 1378 9 570 803 1205 228 1391 668 306 272 1191 523 1010 1157 976 10 389 1302 149 572 43 1319 944 1390 329 1274 323 37 276 1322 390 255 831 1264 
120 : 1264 667 1395 347 668 223 670 537 1228 175 345 630 572 238 1391 504 315 214 134 1191 272 1049 343 139 1205 1076 1302 1394 187 329 1151 335 482 438 1263 1367 1187 1299 1313 666 291 689 1372 170 714 927 1158 103 10 569 
121 : 543 589 578 237 590 592 591 588 426 138 216 1368 214 764 769 928 985 18 772 739 487 822 1171 850 990 1355 382 938 932 1080 741 1067 126 1059 1126 523 1168 642 1146 1116 297 431 885 888 1118 345 1131 166 326 986 
122 : 544 755 597 748 203 199 1066 567 670 814 708 1314 251 516 714 1076 1335 781 746 204 372 600 347 1074 813 287 688 10 556 689 307 52 56 997 124 294 1002 1229 1104 594 917 861 805 1115 572 546 571 1272 663 63 
123 : 544 301 755 790 1335 546 602 878 120 813 441 251 748 1113 606 814 203 287 905 917 1336 595 599 168 875 1378 704 947 879 792 869 536 1342 1032 158 727 1019 36 982 733 906 597 717 1066 202 640 390 1214 999 1079 
126 : 799 714 672 631 652 203 468 597 445 1354 809 245 256 206 1336 1287 1163 312 316 904 76 544 1353 382 249 676 78 265 602 772 1188 603 185 264 752 1153 530 1323 991 722 757 1150 1286 856 1154 221 314 226 899 1142 
128 : 678 676 1339 1334 1332 783 811 924 206 503 1266 677 465 637 918 415 420 638 204 920 652 781 1080 250 712 246 901 1343 632 1 247 792 703 52 1262 249 1337 264 698 288 921 1246 793 701 704 669 879 705 1290 795 
130 : 680 909 1275 18 1060 740 1230 335 1196 24 933 1272 469 170 509 1321 1053 241 603 556 553 1298 898 541 396 919 1119 1190 700 820 1063 557 1259 305 167 496 176 134 1295 540 903 1037 1103 187 714 798 840 404 347 35 
131 : 21 522 378 398 337 294 142 872 1104 555 376 554 19 1192 295 546 1185 873 17 861 538 120 1281 661 539 559 72 959 145 553 575 789 1241 101 122 254 925 95 1106 651 1393 1310 666 24 269 947 336 489 655 927 
132 : 1287 184 710 418 84 1155 80 182 314 280 526 7 1211 9 610 719 293 199 207 516 553 1153 431 714 1154 795 594 272 1142 125 876 625 337 88 430 123 755 294 536 598 514 268 154 1350 535 1305 89 959 608 96 
133 : 755 594 790 544 1155 516 1305 214 280 598 600 879 719 60 1158 876 141 455 1290 430 1153 188 969 179 251 431 1001 1151 1243 230 545 602 184 227 273 714 628 918 795 1066 183 1342 802 372 608 599 543 878 1142 874 
135 : 1267 547 439 310 26 191 2 1309 655 308 526 1198 707 334 440 572 71 625 134 788 610 1228 903 1260 880 569 304 1300 736 496 25 797 1251 612 105 803 1157 667 1107 1248 900 211 495 1307 231 318 1295 335 37 1229 
136 : 613 617 548 622 616 619 621 615 618 614 1150 958 162 510 275 163 1161 620 143 1391 969 554 719 448 983 1011 1103 218 1348 1244 992 1000 1324 164 1345 1255 718 1291 449 302 882 1040 211 357 7 821 1166 799 1247 446 
137 : 879 1338 699 52 250 793 632 916 924 465 795 757 1290 226 917 464 902 420 638 313 797 612 222 1341 315 919 252 796 918 674 683 1186 200 921 466 526 803 685 779 672 247 901 752 468 205 503 679 415 440 1 
138 : 265 1187 311 892 293 416 457 793 415 291 394 111 484 1281 502 294 316 979 124 1239 655 527 757 996 1228 55 839 797 1160 439 563 460 358 150 1216 385 972 1351 1051 187 1367 204 487 1122 794 347 240 798 455 1295 
139 : 795 252 431 924 316 879 925 1153 799 672 800 526 1093 610 1154 315 923 468 1341 876 1062 1338 197 440 880 885 801 60 1362 214 233 1243 496 503 1350 1075 520 313 1169 991 179 124 1074 141 927 918 685 469 971 38 
140 : 806 1247 1331 810 804 807 1093 1252 811 683 178 1219 317 1124 758 141 1135 808 221 643 834 726 1293 164 805 880 870 719 1243 1147 772 915 627 70 28 535 355 731 378 1086 1142 249 747 220 985 329 676 895 696 414 
141 : 635 691 68 461 1241 923 1062 520 1315 421 686 1285 1374 1143 232 1336 355 695 1353 144 552 484 1226 1092 193 572 70 494 1269 853 1290 413 1204 577 1157 1205 191 36 602 1113 1254 645 772 567 689 295 334 1208 1009 1238 
142 : 559 983 1161 438 1393 1394 84 283 524 1104 142 1099 366 1348 295 553 323 24 101 537 555 365 668 123 35 1159 1002 303 662 36 398 1395 571 655 666 509 437 329 689 294 269 564 1318 1213 1065 387 1040 493 1307 1241 
143 : 1002 662 690 554 635 101 1258 628 553 1104 535 1204 295 283 398 1099 689 123 546 1393 1074 789 260 564 655 1161 144 21 1192 29 465 549 436 1213 872 120 269 496 1394 37 36 55 294 767 559 396 571 670 538 378 
145 : 637 698 465 779 705 288 247 920 1332 699 700 250 680 1334 803 632 1289 243 1333 712 669 921 704 1339 683 1280 678 1259 601 200 903 1 226 362 682 899 74 530 147 924 279 901 638 1390 1246 311 918 902 892 681 
146 : 1331 882 779 1289 1270 783 953 906 701 790 251 728 781 1214 702 884 273 440 495 265 187 810 948 78 1391 654 860 14 286 1334 556 1006 76 807 824 725 1260 698 557 1290 1327 1332 114 1105 96 902 651 102 1380 798 
147 : 638 673 1095 631 1356 1091 747 969 238 182 1080 1328 1064 1332 792 1343 1334 1211 368 918 1169 222 1163 1089 1380 1246 748 1098 685 1279 1205 758 670 1393 521 415 811 708 757 1239 1323 924 451 634 1084 712 1349 774 200 114 
148 : 639 715 67 716 719 69 153 717 1379 1348 1345 958 32 77 1203 164 682 1000 1344 979 982 163 944 619 983 552 1346 216 368 1393 191 1293 461 888 598 499 1028 506 1313 436 745 1141 1285 553 616 671 402 1266 833 236 
149 : 1126 760 1122 822 1171 1172 1067 741 885 1118 1051 743 739 740 1013 1069 1131 897 1068 1070 887 953 1123 928 769 956 932 1145 951 1117 1119 1017 1037 642 839 886 824 929 930 823 853 934 938 1071 849 1052 935 888 763 890 
150 : 819 817 823 760 818 820 1119 825 1030 1023 1122 1121 1067 826 1026 599 284 824 1013 532 10 867 130 840 1031 1014 1035 1120 1015 451 837 692 1048 445 462 379 743 957 195 73 693 694 378 956 390 821 862 955 1345 929 
152 : 910 1007 729 1289 1331 516 998 913 720 1001 287 713 860 728 132 446 286 1092 27 783 834 67 100 827 231 11 1015 1363 1268 1006 766 853 1065 60 1035 143 711 1290 1294 588 835 862 313 362 594 395 1296 909 1342 676 
153 : 761 1048 1214 1050 1126 956 951 906 251 1049 1174 1127 265 1027 483 1211 720 669 1359 411 182 770 35 1069 1119 1128 824 533 1038 1051 1034 317 31 1015 1145 96 1146 400 1253 1196 882 440 771 1205 441 885 932 122 1026 161 
154 : 762 840 910 462 1024 1177 837 824 821 644 1023 863 51 866 957 1178 825 897 913 826 29 760 1117 818 836 1015 744 1098 831 1043 820 817 1059 1029 870 550 1122 1316 925 938 733 542 1096 582 1053 1136 867 955 42 761 
155 : 848 764 847 953 846 1067 1126 743 1037 1029 739 763 897 839 1071 887 886 841 1036 1051 769 844 955 854 951 890 885 1034 1039 1013 1129 1172 1070 1042 1026 853 935 741 765 1118 1171 821 407 1068 1030 1123 1038 1018 47 740 
156 : 953 847 848 1036 764 1042 844 728 846 1038 1037 935 1118 1070 1126 739 1043 887 1171 552 1039 955 886 743 42 954 594 322 910 908 723 1040 931 911 845 898 1158 719 849 878 890 52 930 1052 544 1161 1392 740 1071 951 
157 : 640 909 725 836 883 720 870 220 29 1360 345 658 724 729 1124 1039 911 184 834 12 1051 415 581 137 102 497 1012 722 1361 100 202 1146 997 221 762 884 1363 47 195 30 1362 835 609 896 878 1046 837 51 1279 1165 
158 : 75 884 724 726 720 909 727 640 881 1045 951 723 768 883 721 860 866 1208 100 722 1276 47 932 13 767 834 729 882 1118 1171 837 1244 224 1041 1012 743 92 835 862 1091 151 867 658 783 580 1117 31 1130 1294 1024 
160 : 1008 31 5 391 711 51 627 859 877 982 864 509 66 390 726 658 715 729 29 285 1305 886 1178 709 978 434 707 894 720 486 1361 1379 606 728 911 860 857 95 856 858 481 899 938 635 981 158 1348 142 766 533 
161 : 1117 412 1396 1387 642 862 1026 1131 1013 245 1172 1071 1032 856 843 915 424 769 889 935 1020 15 31 275 1015 926 1399 1023 1037 425 761 400 830 957 1173 760 408 932 1069 1030 820 859 890 1177 936 1035 1358 1398 886 846 
163 : 894 1008 864 392 857 856 285 390 1400 1131 627 391 858 1111 766 728 1392 15 822 593 859 1026 686 658 948 736 899 889 890 1058 1272 425 880 843 1172 874 634 202 31 1060 735 1387 1042 1031 1145 928 29 914 1133 739 
164 : 641 735 730 736 1045 422 647 734 831 648 840 733 955 936 424 1396 1054 700 284 854 454 644 342 731 264 1175 1119 551 1013 1233 400 1398 392 389 1138 1029 320 1055 765 155 15 131 826 1387 1060 1126 1130 570 766 1014 
165 : 708 265 704 748 815 1272 52 1237 709 716 801 780 638 1349 204 391 439 746 812 567 440 1290 1338 141 947 593 312 202 969 1162 1339 1328 14 1163 441 755 794 467 971 514 753 594 1115 415 790 124 1081 1246 974 337 
167 : 895 1266 780 918 676 712 1290 919 551 1392 465 597 757 703 315 609 916 313 1333 1207 503 201 395 924 704 433 230 1316 685 699 675 779 229 783 794 647 709 544 632 624 923 517 879 736 454 670 883 6 1362 885 
168 : 875 13 320 540 422 662 486 746 390 864 371 243 184 1008 782 14 577 246 1311 442 81 180 260 12 1274 284 1319 1361 1400 552 1309 407 892 1068 349 831 56 57 365 327 135 1031 1362 139 84 144 494 79 51 201 
169 : 1106 1038 48 522 1074 272 1243 136 1062 759 1 505 279 384 702 1218 1093 605 545 186 234 1064 918 1305 423 123 225 801 243 758 1307 411 1285 1351 927 1343 1090 203 456 250 920 1041 632 1378 1339 683 1066 547 887 1135 
170 : 1304 122 1285 1001 492 688 360 907 384 927 1350 196 229 1328 999 434 290 222 679 203 1115 947 230 1095 1162 906 64 1208 164 252 1164 925 60 816 814 973 655 1075 440 1218 1027 1262 1040 600 248 87 225 761 511 287 
171 : 229 923 924 803 520 246 1243 1062 230 1074 1239 672 1075 809 141 1305 811 925 1093 252 1124 599 1092 1352 1164 815 233 1259 638 204 650 235 203 1265 1350 431 1380 632 688 484 434 671 799 225 360 610 66 698 899 1328 
173 : 1132 897 1034 928 953 1133 1068 1116 1051 822 765 1033 938 781 1122 1070 831 1069 1331 846 58 1131 1270 912 1145 937 629 1035 1057 1067 15 1129 565 763 494 114 168 926 952 1261 1020 1136 659 943 838 954 102 583 171 785 
175 : 769 887 886 1146 890 1145 885 1172 1123 741 1122 765 1068 897 926 1070 1116 764 891 1117 760 740 852 888 953 854 847 937 846 642 843 889 31 1048 1177 1176 898 935 831 841 833 1067 1126 739 1051 928 743 936 842 1052 
176 : 1146 769 888 887 31 837 1116 890 1056 875 935 885 1117 1178 1127 741 886 891 1172 932 1030 1177 642 1026 1024 1122 842 767 1012 743 1032 1126 1131 742 1362 1048 1050 951 897 833 926 1175 1145 763 1070 1016 859 1017 586 745 
177 : 898 1070 931 938 841 935 371 1171 1071 1068 957 930 934 78 1145 1001 743 801 442 1058 929 670 1117 814 1130 918 937 1059 1337 1129 1288 760 251 1067 1162 600 953 1118 847 1014 19 887 1119 513 1285 260 936 514 811 782 
181 : 941 1360 1221 775 387 389 394 537 917 376 206 112 147 701 34 742 504 530 1083 361 1078 351 1222 1270 491 967 305 270 980 1076 383 901 345 186 395 81 128 309 740 244 1362 879 326 145 298 1080 990 798 28 1386 
182 : 941 898 1070 442 516 801 938 918 931 598 1080 139 371 1001 1288 1231 514 183 389 656 1287 10 1084 625 670 230 25 795 1274 1319 188 1222 904 569 1068 575 504 594 957 184 179 1230 600 631 755 934 1395 792 969 1305 
183 : 1083 176 997 993 1093 970 1350 409 1074 243 696 245 610 925 1062 1227 1075 131 1195 971 1352 1243 188 179 923 924 519 1151 697 137 173 695 1265 973 694 772 103 1292 1096 791 174 1153 1374 350 177 1269 1232 672 795 520 
184 : 1288 1326 974 1083 1095 773 1265 1169 397 1237 1163 387 368 254 61 374 1283 1322 1328 451 1329 994 308 340 228 398 969 507 490 1200 1113 367 1223 265 628 1109 579 337 355 125 338 711 697 638 18 1060 748 389 310 1094 
187 : 5 6 869 582 587 981 1024 944 158 12 267 687 549 586 75 1073 399 719 606 1392 1311 32 670 639 485 459 666 167 1063 28 585 1207 861 628 1067 260 829 1346 1375 518 1317 185 1148 169 258 45 115 570 1054 559 
189 : 945 1063 1087 745 92 762 1246 648 1388 988 1043 328 1286 12 111 987 637 1294 989 321 869 425 248 493 184 203 502 1006 301 1051 113 834 93 876 677 416 868 498 984 592 1360 658 535 415 985 543 606 1293 293 374 
190 : 945 988 989 987 278 143 180 314 507 741 985 3 1310 427 872 1279 367 336 36 382 680 376 368 73 1275 375 68 562 148 990 298 215 341 4 135 535 1108 700 323 1281 1360 637 377 941 97 984 870 764 527 1149 
196 : 948 859 5 1008 391 729 766 864 627 66 858 31 285 894 711 390 982 856 727 434 90 658 51 899 857 606 75 728 1162 419 877 29 753 749 15 500 486 481 1339 509 1379 546 709 1164 746 720 726 1147 715 164 
200 : 1021 950 1023 1022 1025 1026 1017 1012 1014 1034 952 1019 1029 1013 1028 330 1015 1024 1020 1018 955 1317 1030 1032 951 912 1035 1125 1016 1027 1066 928 78 518 30 1335 1118 69 1075 1049 1132 287 820 1213 871 1363 805 866 286 767 
201 : 1021 1026 1023 1017 1014 1029 1013 1052 1030 951 1018 761 950 952 1015 1022 1012 1027 871 1146 1028 400 1031 1024 1016 1020 1019 1025 743 833 642 760 957 898 1050 1034 823 1400 767 1035 1121 830 891 31 1396 838 1359 1116 956 1122 
202 : 1026 1023 951 1014 1029 1021 1013 1030 1018 1017 1028 950 1015 1022 1016 1012 1019 1027 871 1052 1031 1146 952 1024 932 761 760 1020 1025 833 957 935 743 1034 823 856 1269 866 1035 887 31 830 767 1177 400 1070 1396 1314 885 1122 
203 : 866 951 1012 1014 1023 1026 1015 1021 1017 1013 1028 1035 1029 517 743 31 1031 1024 1030 1018 871 400 313 1052 1120 739 1022 1020 640 835 827 1309 1027 232 96 355 909 1016 1237 663 726 566 886 1056 1025 173 1187 201 932 931 
204 : 1026 1023 1029 1014 951 1017 1021 1013 1030 1016 1018 1012 950 1015 1022 1020 1019 1024 1025 1027 1031 1028 1120 871 1034 1035 1146 932 1052 825 935 1037 1067 820 821 823 1032 739 833 887 866 822 928 760 952 400 1177 1070 767 891 
205 : 1021 951 1026 1031 1014 1023 1033 891 1013 1029 139 1017 831 761 1125 1030 140 10 957 871 1034 1015 1070 1131 1022 550 829 1132 1012 1027 1018 1145 1067 1016 1052 1028 1020 1024 956 1133 175 1139 1025 774 1173 830 915 1227 239 409 
206 : 952 1023 1026 955 862 1021 1034 853 1052 847 953 1326 1126 850 897 743 1118 1068 854 1024 1171 1125 1363 934 1038 1172 1145 826 740 1035 1032 760 1013 1029 848 887 841 1067 1288 1022 836 1030 1027 1025 870 1017 957 885 767 1175 
208 : 953 847 841 848 897 764 887 846 854 769 844 1172 1123 1038 1068 1173 1171 740 885 765 851 850 890 910 742 926 853 760 955 1042 852 1036 1129 741 826 930 935 1066 1034 1070 1118 1037 839 1051 728 763 886 843 928 1122 
209 : 897 847 953 848 1038 846 764 887 853 844 841 826 1172 955 763 1171 769 1068 760 926 743 1129 1034 1048 854 1070 850 956 910 1122 1132 1118 1066 1123 1173 740 765 1051 1067 728 1126 1145 742 162 934 851 441 852 886 1039 
210 : 954 1038 890 1045 887 31 839 1042 769 1046 909 955 763 870 743 95 726 725 92 66 720 374 834 922 30 497 329 837 1012 195 840 762 1041 1015 1202 836 729 848 580 51 838 75 835 862 1362 915 722 256 29 13 
211 : 1038 930 1043 953 885 1123 741 1214 890 1044 841 887 765 851 843 1071 854 1171 1041 1135 728 954 1042 1174 889 935 852 760 1294 836 769 826 164 279 421 1059 897 639 410 1070 938 1037 1137 853 1053 1129 30 1036 1134 828 
212 : 954 887 769 890 1136 1135 1042 1175 1125 1134 827 953 885 765 535 935 841 1068 1038 1067 854 1219 897 531 922 741 1009 1123 870 852 711 227 851 1129 1247 301 1173 374 839 740 843 1172 329 889 508 720 934 665 1002 928 
213 : 930 954 1042 1043 953 1051 1045 955 839 848 763 1044 1171 1046 1174 1052 1129 885 826 1294 1123 741 890 1070 743 841 887 765 851 843 1071 854 1041 1137 1068 1135 828 1145 195 498 412 889 935 852 736 769 1038 1360 1118 279 
214 : 1045 955 763 838 839 1126 840 1363 1051 1046 954 1178 743 847 1176 841 1340 854 730 856 1400 846 937 1039 1042 928 1037 740 1054 641 1171 848 1034 1130 544 657 746 1053 198 1022 1175 221 1117 1177 45 891 1234 810 1024 1134 
215 : 1045 1051 1046 955 839 1126 838 641 763 954 827 1130 1121 1048 1176 520 1171 1118 915 928 852 743 950 956 932 744 1363 823 765 1042 1177 1024 1178 1359 47 821 1044 1015 1145 121 92 1013 1066 647 251 441 533 454 427 1022 
216 : 1045 955 854 839 838 763 1046 840 641 1176 1175 1146 730 1178 954 1130 1051 740 1363 926 1134 1022 1177 1126 928 1137 741 953 848 657 1078 841 1000 742 845 566 628 883 735 1359 894 170 1258 743 706 802 1118 1052 849 1120 
217 : 956 1050 1049 1358 1171 1357 1069 843 850 888 1126 1128 761 852 889 647 885 1060 1119 1392 1397 1145 1387 1127 1398 1399 863 935 1048 391 422 1172 392 1067 390 894 844 1034 1137 382 931 733 826 1118 1084 951 720 1008 1117 1056 
218 : 1048 1050 956 1126 761 823 1021 951 1044 827 852 1069 1049 744 1015 888 1146 826 928 1178 743 915 720 1176 932 1117 1359 891 1122 838 765 1396 1127 839 533 642 739 822 1022 1045 1121 1051 926 1119 763 1026 1013 740 885 1067 
219 : 930 1058 931 926 1070 898 1363 1059 935 937 802 951 769 938 1053 852 1138 1044 741 1135 633 826 1024 1131 19 742 1091 1361 833 1056 739 1041 915 1068 743 1000 1126 936 934 1130 1362 830 624 1048 423 128 1051 130 928 885 
223 : 1062 1074 1075 1243 1202 923 924 799 970 803 672 223 809 791 1272 124 593 696 430 141 993 230 285 896 204 232 1259 231 1300 252 406 214 1239 429 997 519 1115 431 629 687 188 48 516 346 179 1339 971 685 814 384 
224 : 676 678 251 652 1266 783 52 399 1362 924 1262 101 433 206 950 677 222 1332 142 1185 1246 121 498 1333 246 465 1386 225 492 834 432 427 679 287 635 1352 1311 230 1192 1062 1234 1121 97 781 250 1306 413 612 204 464 
225 : 671 1225 678 696 1331 333 683 1062 1339 676 632 147 970 1064 1362 1075 95 189 1074 284 250 205 3 346 1229 1311 465 1355 972 311 1341 1115 673 1334 316 291 76 1332 794 80 698 1107 1188 336 227 492 547 252 94 240 
226 : 1063 1085 393 394 1053 584 943 1081 1082 323 349 1317 551 1235 59 422 117 1389 299 281 1078 666 1233 956 1394 940 1054 1286 670 1070 830 1079 128 103 32 1222 228 1146 1088 367 300 937 1129 171 771 1121 785 13 15 1240 
227 : 1088 1086 111 1063 1054 1087 1055 479 1389 1262 832 367 916 863 785 1382 451 551 703 351 1390 659 266 585 1312 159 692 93 1375 1317 145 684 1362 281 530 1061 827 349 1019 931 395 150 115 1361 470 32 1301 1384 570 485 
230 : 1101 1065 1099 1096 806 553 804 1090 968 900 1318 1100 1097 1279 705 781 82 1028 905 516 480 1098 505 1241 293 809 1163 76 1007 679 749 587 755 1226 1161 602 610 805 594 274 1157 57 230 1299 439 877 191 194 172 1379 
231 : 1096 1099 553 1097 1100 534 1098 1065 1302 1279 818 906 204 82 1160 1015 761 403 274 191 1101 1209 753 866 829 127 12 1250 1057 1340 509 463 185 1025 462 242 1117 1241 879 817 955 1103 587 1226 119 1042 1232 1392 455 840 
232 : 1006 160 556 1281 25 571 1391 608 456 576 1179 1356 1253 626 1224 690 469 531 465 358 1238 482 370 1075 232 122 994 540 373 1306 1377 668 516 657 318 231 781 356 575 1393 990 946 522 27 295 1248 544 625 1105 473 
233 : 302 1269 405 1011 524 421 691 1098 609 949 1263 616 1298 1199 1010 1101 330 259 1336 1185 319 865 1335 1009 1020 474 552 753 185 541 14 651 622 328 283 1224 254 355 906 586 463 710 292 1214 365 125 291 728 862 1312 
234 : 1066 1197 1259 1115 1293 1339 846 1112 716 598 969 849 801 802 67 273 326 1287 895 1035 544 52 1379 922 1005 728 1305 723 899 1321 719 925 708 390 248 1289 468 494 815 1322 753 100 939 231 919 927 983 192 69 781 
241 : 1071 885 887 1134 769 890 763 741 1173 888 926 1172 1126 841 740 1012 953 1146 830 1051 839 1068 1123 743 1145 1131 1037 1038 765 838 843 1322 853 846 412 1171 897 935 1052 739 1117 889 1042 894 1400 826 1116 31 1034 820 
245 : 1386 54 460 1192 55 1185 145 539 784 376 366 399 306 324 1182 314 326 365 72 348 461 1375 1281 377 962 364 1366 559 352 240 62 305 489 435 241 329 50 789 21 584 943 546 1241 142 81 1382 49 16 668 474 
246 : 460 55 559 145 54 489 1386 366 461 240 306 365 292 326 376 1182 1366 111 62 348 16 784 1383 1185 1192 477 562 364 81 963 23 323 352 1109 21 629 754 1281 1385 98 1241 72 350 553 1302 4 324 1393 305 1375 
247 : 492 232 57 56 1311 124 27 37 373 688 1231 655 434 540 354 973 248 1262 708 1304 233 626 1186 573 122 359 525 1307 327 48 1077 234 305 443 567 1040 25 901 322 1350 572 832 1309 577 469 1193 988 20 1236 441 
250 : 311 415 265 316 1187 1287 503 416 457 793 291 111 1239 757 1220 996 55 892 675 797 439 460 363 358 150 972 1351 187 1367 1131 484 240 798 16 979 1278 1315 534 3 1386 461 124 333 97 1043 196 1268 1364 1228 563 
251 : 504 71 1276 72 209 335 978 569 326 241 376 410 1375 306 308 1109 1269 112 943 961 417 305 663 54 1268 1154 414 474 1241 460 142 256 1220 1076 334 74 309 1281 671 1212 1225 363 381 521 1386 495 890 1257 348 388 
252 : 504 71 1276 209 55 663 326 256 569 334 207 72 376 142 305 1237 460 17 496 1322 54 335 345 383 286 112 477 309 1302 377 1220 978 1228 22 1364 271 16 241 1303 337 1386 1300 170 418 1257 1321 348 388 336 73 
253 : 553 1279 274 1043 1185 981 1158 1100 82 1098 540 480 592 665 980 1299 364 481 603 327 353 1157 1241 401 307 525 1183 536 365 606 246 1248 877 1089 305 1297 69 982 645 214 509 1015 408 1234 323 1147 77 14 101 1318 
254 : 750 965 118 157 217 341 648 591 1043 242 941 410 127 404 379 745 412 1280 301 1029 166 1224 774 656 629 738 714 1148 921 1392 322 467 575 1009 1187 523 1197 136 4 561 945 98 1375 38 556 880 801 221 537 1297 
255 : 750 965 157 118 217 341 774 1280 648 4 472 591 166 985 136 556 127 1197 475 242 941 990 745 1283 404 1368 54 301 458 467 38 880 131 1149 477 468 1043 335 1224 945 582 213 656 738 1126 887 629 714 381 1375 
257 : 238 893 223 904 239 905 10 139 1082 175 1264 1033 315 272 189 1205 48 491 670 744 1191 526 165 141 11 183 1040 1149 129 668 430 951 536 949 1381 592 702 666 1257 361 1394 1319 1346 1227 1294 505 147 184 710 1139 
259 : 431 516 141 594 904 598 1155 631 812 755 808 188 1004 714 795 179 280 1106 876 252 513 608 1065 567 196 1000 1151 1318 546 140 1306 790 184 438 1395 800 602 794 1011 719 1066 1001 1153 791 293 1101 1305 809 239 279 
261 : 320 527 322 321 476 107 478 1370 551 1235 1251 23 425 1083 736 981 72 734 264 452 585 150 422 424 732 540 934 4 34 1233 1210 1377 458 1055 472 479 855 731 1149 336 843 641 149 1240 1273 1056 889 1181 255 365 
264 : 451 532 367 931 703 1067 767 934 956 841 916 731 785 91 1047 630 850 1088 1171 1117 1086 1073 538 351 470 759 936 290 356 1320 1182 1392 479 376 206 90 1270 1137 111 251 155 1366 738 359 1210 264 385 503 853 861 
265 : 483 501 35 411 1151 1157 1319 1274 1257 1390 37 523 1140 1204 1063 290 1198 329 983 160 1156 178 1264 549 1284 1314 58 609 1121 462 656 1174 386 749 175 201 186 228 896 470 802 1119 1318 998 115 1327 1232 323 1392 552 
266 : 941 1221 238 139 491 1080 670 34 668 666 361 351 254 1394 1222 537 387 270 1256 630 112 1082 415 184 10 338 949 147 1191 1395 1007 755 1078 186 965 417 667 315 43 607 9 939 966 1381 33 1084 203 671 530 228 
267 : 542 963 586 869 5 581 119 1073 399 30 396 767 1375 587 181 978 509 485 1207 242 546 639 982 667 585 1148 461 1221 6 258 1182 1366 1179 1395 985 93 160 535 872 518 479 654 495 584 307 670 524 944 611 570 
268 : 543 590 592 589 426 138 588 216 214 591 642 576 1069 213 1034 1371 769 237 578 985 18 1117 772 1089 895 418 760 902 215 1122 1169 581 899 1171 990 1177 862 381 1093 723 382 845 938 722 932 425 311 687 330 741 
269 : 31 543 590 592 1171 591 426 589 387 511 1293 138 236 221 990 216 1155 1183 1368 940 214 957 1209 968 237 1085 769 578 39 985 18 772 91 1304 1275 626 835 819 1154 839 588 73 54 1153 277 822 889 850 451 1386 
272 : 633 680 918 224 428 379 854 1267 682 250 930 811 227 774 849 1080 278 122 183 802 433 1271 194 677 1388 1266 987 1196 248 1231 49 229 1322 498 468 920 247 674 917 1304 659 688 447 803 467 231 706 395 39 580 
273 : 616 548 617 622 1391 969 613 218 621 1103 85 1324 1150 960 882 554 614 719 799 620 555 314 401 807 436 315 1147 619 1102 67 1000 86 106 1348 639 938 308 716 1162 806 1040 1345 1166 163 710 878 1299 184 1077 96 
274 : 997 176 243 993 409 1093 970 1074 1243 1350 610 1075 696 1062 925 725 131 971 1151 1352 1374 519 1306 697 233 695 245 1265 221 973 1195 1292 1096 791 174 350 1367 177 1232 672 188 126 1227 427 795 1021 969 924 799 994 
275 : 634 685 686 1338 593 39 655 1311 856 70 701 1341 1339 444 285 749 1218 503 204 857 421 1008 52 193 380 1290 572 687 766 526 312 26 201 496 880 1213 1111 712 1228 391 1233 441 440 933 858 688 874 597 1188 793 
277 : 1243 811 804 88 1226 1177 883 806 808 39 268 253 805 1247 409 71 810 993 997 1045 1142 1203 583 942 642 590 1311 1277 683 1034 227 439 555 157 1342 1124 823 523 199 1128 774 849 238 568 340 596 971 1170 895 341 
283 : 716 554 509 1217 153 978 1219 207 639 618 77 1379 1146 408 82 607 813 715 898 339 67 202 254 353 318 555 742 1297 220 32 1360 262 1160 713 1279 400 242 415 361 817 451 19 21 99 376 1046 1083 402 609 345 
284 : 1008 864 856 857 285 858 390 766 391 948 911 859 627 658 15 878 899 31 728 1290 894 729 753 914 1337 727 686 1111 781 75 879 634 1127 1338 1269 1392 880 444 362 1341 711 747 202 643 52 442 1339 685 749 1314 
285 : 1243 1062 803 1075 923 1074 230 809 924 437 1239 610 993 252 672 17 723 456 60 229 432 433 1093 1153 269 799 925 233 431 795 208 61 775 1350 520 753 407 653 188 298 1221 179 1273 659 1111 235 1282 404 267 944 
288 : 763 1126 838 1171 839 1071 1172 841 831 887 764 953 1068 743 827 848 1130 897 936 1176 847 926 1070 1173 846 886 1117 761 1051 1177 1131 1052 826 885 1067 898 955 392 1174 186 830 935 1178 769 957 1400 1066 741 929 1360 
291 : 725 722 640 908 720 102 909 1360 729 220 29 137 1279 1270 1146 997 78 764 911 1316 186 1046 742 1160 1331 581 740 781 762 184 724 497 202 898 728 345 195 1298 113 1195 1039 339 395 834 99 805 30 47 100 95 
292 : 767 883 640 870 909 1362 833 399 768 498 1332 726 732 881 907 906 884 868 246 1146 75 727 925 1334 1360 835 314 1033 215 724 1242 1177 426 836 893 720 135 733 249 1180 1279 592 980 31 712 1057 302 762 867 865 
293 : 390 1008 769 391 15 627 856 864 285 1339 728 948 52 122 1069 1111 911 820 857 858 14 766 859 432 725 899 760 895 1337 1023 915 1322 658 914 496 530 1386 1198 454 1014 455 894 862 1272 846 1363 1128 533 1251 781 
294 : 864 31 1008 285 15 541 894 899 75 728 658 391 319 914 1242 1392 1042 856 857 858 236 827 948 766 390 859 627 911 720 727 593 209 73 1249 52 589 1387 1208 1339 380 1276 331 719 722 686 1111 878 824 1203 151 
295 : 735 641 733 734 647 875 648 1398 745 743 1399 1176 215 642 386 551 730 1014 950 819 1069 828 1135 128 850 1359 1046 392 777 310 1175 460 1178 888 1202 802 742 500 792 913 660 1212 744 156 1017 851 266 698 486 1082 
296 : 733 735 736 734 648 641 730 145 400 424 647 281 422 1392 863 1060 886 1054 1396 551 111 1088 703 392 93 1029 1387 1389 266 831 454 458 1086 425 980 1301 389 15 644 737 856 826 1294 1130 527 537 1312 1036 13 887 
297 : 642 932 744 1359 1176 957 1126 1293 1050 888 1116 1173 741 1123 1067 1178 1172 956 1117 1171 839 1177 760 735 1069 1145 1051 1122 938 885 1131 823 1118 1146 740 1046 822 1070 937 743 887 831 769 382 838 739 1055 1119 1022 852 
298 : 642 932 744 1359 1067 1176 1126 1050 1293 1116 831 1055 1123 741 1171 1173 1069 1172 1122 839 888 1118 822 739 1145 938 1046 937 769 885 928 1051 887 823 1131 956 1146 1117 627 382 1070 1054 743 551 1178 760 735 838 833 785 
299 : 746 1008 875 486 1361 864 390 966 1346 1177 1311 14 1323 102 577 184 540 13 715 243 180 442 246 123 12 284 1281 51 1274 1319 342 349 57 494 892 1147 327 662 1237 711 847 144 657 261 56 1097 865 781 395 500 
300 : 884 881 768 726 909 723 1312 1168 883 720 767 724 75 865 454 261 230 882 746 924 1087 229 1236 1179 70 923 352 575 735 425 867 999 727 809 100 358 1340 804 1266 931 689 1318 1335 1015 58 866 579 1195 640 1054 
301 : 886 887 1126 1174 889 897 890 551 1146 885 743 843 1068 741 769 935 1067 906 1051 1070 1027 953 1052 1172 1171 1145 848 826 740 761 851 1123 760 765 824 957 798 926 1132 847 739 841 424 925 1173 1053 1055 251 952 936 
303 : 930 1058 931 1070 833 744 1362 739 898 1294 1091 1059 1052 935 937 1055 769 938 852 1053 1044 533 1024 1117 1107 1131 19 638 926 1054 515 1231 1361 514 1041 1034 520 130 915 743 337 1126 936 934 830 827 928 624 1048 826 
304 : 1071 1053 322 1134 54 851 1138 320 639 841 1044 467 1137 264 953 1043 128 1375 885 370 1068 1070 890 461 826 362 1386 887 1136 852 843 1175 854 839 1362 29 1034 934 1117 954 734 1042 923 889 760 935 741 1184 930 1059 
306 : 625 1297 1296 410 401 1299 716 323 578 318 541 509 1279 291 24 1217 1295 1379 1157 1219 1151 576 537 1391 983 1189 1364 353 77 1245 308 1241 979 517 1374 575 310 69 570 903 1319 329 536 1274 1252 192 274 666 574 972 
314 : 1285 1310 411 232 687 19 925 1231 226 670 932 605 1378 27 467 211 1311 979 497 214 327 122 1303 920 93 1274 1319 371 294 612 36 58 535 567 186 354 957 56 260 1309 1075 679 981 234 639 223 1356 508 927 1157 
315 : 1285 1308 38 58 48 1310 482 1231 882 940 359 1306 1262 411 961 652 225 927 1378 122 370 1133 605 234 362 345 656 925 626 648 1074 1192 56 814 182 979 54 1125 1301 232 575 1019 283 354 1303 654 556 19 1211 868 
316 : 147 937 1236 1311 573 496 1076 802 310 1229 941 444 971 308 1080 363 1368 208 1200 1253 465 324 383 305 671 1371 133 139 298 525 257 94 153 250 57 192 1310 653 536 492 85 655 307 1082 197 39 927 128 1090 63 
317 : 1323 131 1287 912 1192 1069 1017 133 1182 337 1199 352 393 1076 461 959 587 135 465 610 540 1321 1367 547 1109 1149 326 382 334 629 962 1185 71 378 254 406 933 1100 4 827 1366 525 256 315 72 1381 376 1241 21 9 
321 : 1290 879 1338 1341 467 948 638 598 876 878 859 809 431 440 252 1106 567 312 880 496 1006 285 918 781 795 468 1336 204 1153 63 214 1008 1101 1098 38 516 714 856 750 801 371 526 197 1269 1353 812 790 335 1095 293 
323 : 365 39 274 655 1154 679 661 46 859 509 335 366 89 678 525 59 128 1185 110 819 338 295 1040 1361 264 1241 490 458 355 1032 565 1300 592 540 577 573 103 593 1364 434 623 1290 640 946 576 166 461 1212 1370 180 
327 : 1291 1344 163 1217 1346 566 1305 716 624 1348 598 204 1345 1300 1239 1196 711 707 1352 815 1124 123 164 719 780 1173 357 1177 1092 712 947 1266 379 683 415 44 1207 274 812 1323 1080 124 759 749 1247 1256 1218 275 337 1104 
331 : 959 240 1364 45 798 256 487 187 651 376 1106 335 254 455 135 527 418 526 996 1278 38 337 89 336 207 461 610 1323 378 121 305 358 417 974 53 16 1281 872 1241 23 458 326 383 382 406 261 671 1268 547 4 
332 : 1172 1171 1145 1126 1132 1068 887 743 1133 761 956 1067 885 897 1070 1125 1118 891 938 957 838 831 1130 1031 1131 1173 1037 1071 1034 826 953 886 843 822 926 889 760 853 741 841 1117 1052 935 740 1122 1128 830 739 890 839 
333 : 897 935 743 890 886 1067 1070 885 1051 1171 1126 1145 887 741 1174 1068 1117 740 769 1133 739 1172 839 891 926 765 1123 1122 889 953 761 848 831 1071 1132 1129 847 760 841 1052 1125 852 1118 936 898 955 929 1173 843 854 
335 : 1177 888 1178 885 838 1176 1146 31 769 1173 642 823 1123 887 839 1045 1121 1126 932 763 1050 1046 858 412 740 1133 1051 822 890 1070 1358 870 741 1012 1116 1357 760 95 954 400 1122 1132 833 841 1172 886 765 766 1362 1293 
336 : 1146 885 888 769 741 1116 1173 887 642 765 1178 1038 890 1126 1177 1145 1117 839 932 1122 1123 763 744 953 852 822 891 31 1067 1283 23 1050 956 105 1121 954 382 400 1131 1176 928 1172 740 842 1175 1051 760 823 1012 1069 
338 : 1294 1362 848 1043 930 828 1042 1044 831 1036 1058 739 46 744 1154 756 1059 954 1038 741 1037 777 47 830 1054 92 130 952 1070 1126 833 1052 156 843 827 897 1039 1071 1055 887 1360 866 1135 510 642 936 1335 33 15 702 
339 : 535 1234 1253 273 666 1205 456 625 1198 25 1204 533 1238 68 574 357 516 211 295 411 707 317 332 421 85 2 1391 35 1377 44 536 1006 188 1142 985 483 997 160 124 1311 680 945 179 979 669 1285 37 1228 19 370 
340 : 175 407 958 39 1269 1225 692 693 1364 1156 1220 1319 612 345 971 1206 636 694 974 968 1274 904 800 665 265 1378 466 905 330 1107 1200 173 216 808 1352 411 1267 993 972 1271 650 492 222 655 514 1288 139 1077 1010 1091 
347 : 323 983 559 666 1318 438 1161 324 655 1002 142 295 1394 334 2 35 1151 625 1204 84 629 349 1393 946 994 283 329 36 123 1073 154 523 553 501 318 1395 65 1319 1192 1274 1191 21 64 37 74 979 1364 1143 25 1263 
348 : 559 323 983 295 655 666 438 1161 154 553 1394 35 1002 979 36 142 629 1281 398 180 283 84 1204 1393 554 1104 1237 101 324 1241 1147 21 329 436 332 120 269 555 585 77 161 396 181 372 37 670 378 501 523 145 
349 : 1221 208 1222 993 299 992 657 228 971 268 447 892 79 1256 530 269 73 809 1082 7 371 361 537 197 342 1191 270 449 660 89 315 1107 664 1367 319 1273 186 261 189 1078 1229 184 1179 604 1309 53 690 1249 1281 808 
352 : 1375 527 292 1192 325 4 16 461 378 231 472 1182 458 382 261 336 1149 376 1261 1302 266 3 1148 155 977 135 1281 1241 559 242 899 375 1301 309 1275 981 1384 322 191 1183 491 339 457 111 789 23 629 1180 587 241 
353 : 3 1182 1084 292 194 1366 754 637 1386 652 559 839 378 1375 458 435 1221 653 1371 527 49 1183 662 540 1281 489 1370 579 388 1225 984 4 406 1056 528 1227 11 587 1005 115 133 62 610 1301 336 382 966 1051 784 181 
355 : 1130 419 1399 400 393 1400 1359 1048 1050 1070 412 886 1396 3 31 1116 389 1121 1293 180 1173 1358 1037 1008 664 324 820 1132 4 1357 1397 2 864 116 1120 887 1029 915 826 763 1119 388 1067 1014 1013 1360 956 830 1387 929 
356 : 400 1399 1008 419 1358 1400 1048 1396 1357 1050 412 393 3 1387 1398 389 839 1359 180 425 388 1121 398 1037 664 31 4 647 1051 864 551 1397 1119 820 733 825 1117 895 1026 1130 2 737 454 826 863 644 735 1031 418 1392 
360 : 1312 259 405 175 1314 656 317 1286 1318 575 1316 1157 167 1315 1011 140 236 611 1009 1230 283 523 401 1298 595 1257 1296 983 438 1374 123 318 456 74 110 572 85 495 170 576 1319 1205 524 183 1158 1274 1139 1252 976 1395 
365 : 1188 1380 340 638 1349 834 225 1345 1291 748 1344 173 368 215 519 1124 63 746 416 708 200 793 794 712 713 164 896 1347 1326 1399 52 985 338 709 1246 696 9 1226 1334 1356 354 1332 676 1292 421 1136 27 503 792 796 
